Confusion Matrix and Statistics

          Reference
Prediction    0    1    2    3    4    5    6    7
         0  281   10   83   33    5    3    0    0
         1    4   58   16    5    0    0    0    0
         2  558  191 7599  606   76   19   11   33
         3   22   11   98  324    5    1    2    3
         4    1    0    3    2   17    0    0    0
         5    0    0    4    0    0    6    0    0
         6    0    0    0    1    0    0    4    0
         7    1    0    3    2    0    0    0   19

Overall Statistics
                                          
               Accuracy : 0.8209          
                 95% CI : (0.8133, 0.8284)
    No Information Rate : 0.7713          
    P-Value [Acc > NIR] : < 2.2e-16       
                                          
                  Kappa : 0.4006          
                                          
 Mcnemar's Test P-Value : NA              

Statistics by Class:

                     Class: 0 Class: 1 Class: 2 Class: 3 Class: 4  Class: 5  Class: 6 Class: 7
Sensitivity           0.32411 0.214815   0.9735  0.33299 0.165049 0.2068966 0.2352941 0.345455
Specificity           0.98552 0.997462   0.3544  0.98448 0.999401 0.9996036 0.9999010 0.999404
Pos Pred Value        0.67711 0.698795   0.8357  0.69528 0.739130 0.6000000 0.8000000 0.760000
Neg Pred Value        0.93962 0.978878   0.7984  0.93277 0.991483 0.9977250 0.9987148 0.996434
Precision             0.67711 0.698795   0.8357  0.69528 0.739130 0.6000000 0.8000000 0.760000
Recall                0.32411 0.214815   0.9735  0.33299 0.165049 0.2068966 0.2352941 0.345455
F1                    0.43838 0.328612   0.8993  0.45031 0.269841 0.3076923 0.3636364 0.475000
Prevalence            0.08567 0.026680   0.7713  0.09615 0.010178 0.0028656 0.0016798 0.005435
Detection Rate        0.02777 0.005731   0.7509  0.03202 0.001680 0.0005929 0.0003953 0.001877
Detection Prevalence  0.04101 0.008202   0.8985  0.04605 0.002273 0.0009881 0.0004941 0.002470
Balanced Accuracy     0.65481 0.606138   0.6639  0.65873 0.582225 0.6032501 0.6175976 0.672429
