Confusion Matrix and Statistics

          Reference
Prediction    0    1    2    3    4    5    6
         0  138   68   16    2    1    0    2
         1  118 7464  400   44   11   11   27
         2   12  247  551    6    2    0    3
         3    0   20    3   52    0    0    0
         4    0    6    2    2   16    2    0
         5    0    4    0    0    0    4    0
         6    3   10    2    1    0    0   24

Overall Statistics
                                          
               Accuracy : 0.8895          
                 95% CI : (0.8829, 0.8958)
    No Information Rate : 0.8431          
    P-Value [Acc > NIR] : < 2.2e-16       
                                          
                  Kappa : 0.5678          
                                          
 Mcnemar's Test P-Value : NA              

Statistics by Class:

                     Class: 0 Class: 1 Class: 2 Class: 3 Class: 4  Class: 5 Class: 6
Sensitivity           0.50923   0.9546  0.56571 0.485981 0.533333 0.2352941 0.428571
Specificity           0.99011   0.5801  0.96747 0.997491 0.998702 0.9995679 0.998264
Pos Pred Value        0.60793   0.9243  0.67113 0.693333 0.571429 0.5000000 0.600000
Neg Pred Value        0.98530   0.7039  0.94996 0.994021 0.998486 0.9985970 0.996535
Precision             0.60793   0.9243  0.67113 0.693333 0.571429 0.5000000 0.600000
Recall                0.50923   0.9546  0.56571 0.485981 0.533333 0.2352941 0.428571
F1                    0.55422   0.9392  0.61393 0.571429 0.551724 0.3200000 0.500000
Prevalence            0.02922   0.8431  0.10502 0.011538 0.003235 0.0018331 0.006038
Detection Rate        0.01488   0.8048  0.05941 0.005607 0.001725 0.0004313 0.002588
Detection Prevalence  0.02448   0.8707  0.08853 0.008087 0.003019 0.0008626 0.004313
Balanced Accuracy     0.74967   0.7673  0.76659 0.741736 0.766018 0.6174310 0.713418
