Confusion Matrix and Statistics

          Reference
Prediction    0    1    2    3    4    5    6
         0   10    1    0    0    0    0    0
         1  261 7809  937   99   30   16   53
         2    0    7   36    1    0    0    2
         3    0    1    1    7    0    0    0
         4    0    0    0    0    0    0    0
         5    0    1    0    0    0    1    0
         6    0    0    0    0    0    0    1

Overall Statistics
                                          
               Accuracy : 0.848           
                 95% CI : (0.8405, 0.8552)
    No Information Rate : 0.8431          
    P-Value [Acc > NIR] : 0.1016          
                                          
                  Kappa : 0.0649          
                                          
 Mcnemar's Test P-Value : NA              

Statistics by Class:

                     Class: 0 Class: 1 Class: 2  Class: 3 Class: 4  Class: 5  Class: 6
Sensitivity          0.036900  0.99872 0.036961 0.0654206 0.000000 0.0588235 0.0178571
Specificity          0.999889  0.04055 0.998795 0.9997818 1.000000 0.9998920 1.0000000
Pos Pred Value       0.909091  0.84834 0.782609 0.7777778      NaN 0.5000000 1.0000000
Neg Pred Value       0.971823  0.85507 0.898353 0.9892067 0.996765 0.9982744 0.9940688
Precision            0.909091  0.84834 0.782609 0.7777778       NA 0.5000000 1.0000000
Recall               0.036900  0.99872 0.036961 0.0654206 0.000000 0.0588235 0.0178571
F1                   0.070922  0.91741 0.070588 0.1206897       NA 0.1052632 0.0350877
Prevalence           0.029221  0.84311 0.105025 0.0115376 0.003235 0.0018331 0.0060384
Detection Rate       0.001078  0.84203 0.003882 0.0007548 0.000000 0.0001078 0.0001078
Detection Prevalence 0.001186  0.99256 0.004960 0.0009705 0.000000 0.0002157 0.0001078
Balanced Accuracy    0.518395  0.51964 0.517878 0.5326012 0.500000 0.5293578 0.5089286
