Confusion Matrix and Statistics

          Reference
Prediction    0    1    2    3    4    5    6
         0  135   77   12    2    1    2    1
         1  112 7416  383   40   13    9   21
         2   19  279  574   10    2    0    9
         3    1   23    3   53    0    0    0
         4    0    7    0    1   14    2    0
         5    0    5    1    1    0    4    0
         6    4   12    1    0    0    0   25

Overall Statistics
                                          
               Accuracy : 0.8865          
                 95% CI : (0.8798, 0.8928)
    No Information Rate : 0.8431          
    P-Value [Acc > NIR] : < 2.2e-16       
                                          
                  Kappa : 0.5671          
                                          
 Mcnemar's Test P-Value : NA              

Statistics by Class:

                     Class: 0 Class: 1 Class: 2 Class: 3 Class: 4  Class: 5 Class: 6
Sensitivity           0.49815   0.9485  0.58932 0.495327 0.466667 0.2352941 0.446429
Specificity           0.98945   0.6027  0.96157 0.997055 0.998918 0.9992438 0.998156
Pos Pred Value        0.58696   0.9277  0.64278 0.662500 0.583333 0.3636364 0.595238
Neg Pred Value        0.98496   0.6852  0.95227 0.994127 0.998270 0.9985966 0.996642
Precision             0.58696   0.9277  0.64278 0.662500 0.583333 0.3636364 0.595238
Recall                0.49815   0.9485  0.58932 0.495327 0.466667 0.2352941 0.446429
F1                    0.53892   0.9380  0.61489 0.566845 0.518519 0.2857143 0.510204
Prevalence            0.02922   0.8431  0.10502 0.011538 0.003235 0.0018331 0.006038
Detection Rate        0.01456   0.7997  0.06189 0.005715 0.001510 0.0004313 0.002696
Detection Prevalence  0.02480   0.8620  0.09629 0.008626 0.002588 0.0011861 0.004529
Balanced Accuracy     0.74380   0.7756  0.77544 0.746191 0.732792 0.6172690 0.722292
