Confusion Matrix and Statistics

          Reference
Prediction    0    1    2    3    4    5    6    7
         0  357   16  131   43    3    5    0    2
         1    8   90   54    5    1    0    0    1
         2  449  150 7407  501   58   14   11   30
         3   47   12  193  419    3    2    4    7
         4    5    2    8    3   38    0    0    0
         5    0    0    7    0    0    8    0    0
         6    0    0    2    0    0    0    1    0
         7    1    0    4    2    0    0    1   15

Overall Statistics
                                        
               Accuracy : 0.8236        
                 95% CI : (0.816, 0.831)
    No Information Rate : 0.7713        
    P-Value [Acc > NIR] : < 2.2e-16     
                                        
                  Kappa : 0.4675        
                                        
 Mcnemar's Test P-Value : NA            

Statistics by Class:

                     Class: 0 Class: 1 Class: 2 Class: 3 Class: 4  Class: 5  Class: 6 Class: 7
Sensitivity           0.41176 0.333333   0.9489  0.43063 0.368932 0.2758621 5.882e-02 0.272727
Specificity           0.97839 0.992995   0.4758  0.97070 0.998203 0.9993063 9.998e-01 0.999205
Pos Pred Value        0.64093 0.566038   0.8593  0.60990 0.678571 0.5333333 3.333e-01 0.652174
Neg Pred Value        0.94667 0.981930   0.7340  0.94127 0.993541 0.9979218 9.984e-01 0.996038
Precision             0.64093 0.566038   0.8593  0.60990 0.678571 0.5333333 3.333e-01 0.652174
Recall                0.41176 0.333333   0.9489  0.43063 0.368932 0.2758621 5.882e-02 0.272727
F1                    0.50140 0.419580   0.9019  0.50482 0.477987 0.3636364 1.000e-01 0.384615
Prevalence            0.08567 0.026680   0.7713  0.09615 0.010178 0.0028656 1.680e-03 0.005435
Detection Rate        0.03528 0.008893   0.7319  0.04140 0.003755 0.0007905 9.881e-05 0.001482
Detection Prevalence  0.05504 0.015711   0.8518  0.06789 0.005534 0.0014822 2.964e-04 0.002273
Balanced Accuracy     0.69508 0.663164   0.7123  0.70066 0.683568 0.6375842 5.293e-01 0.635966
