Confusion Matrix and Statistics

          Reference
Prediction    0    1    2    3    4    5    6    7
         0  314   13  101   39    2    2    0    2
         1    4   60   15    1    0    0    0    0
         2  523  186 7574  606   75   17   14   37
         3   24   11  106  323    4    2    3    1
         4    1    0    3    1   22    0    0    0
         5    0    0    3    0    0    8    0    0
         6    0    0    0    0    0    0    0    0
         7    1    0    4    3    0    0    0   15

Overall Statistics
                                          
               Accuracy : 0.8217          
                 95% CI : (0.8141, 0.8292)
    No Information Rate : 0.7713          
    P-Value [Acc > NIR] : < 2.2e-16       
                                          
                  Kappa : 0.4113          
                                          
 Mcnemar's Test P-Value : NA              

Statistics by Class:

                     Class: 0 Class: 1 Class: 2 Class: 3 Class: 4  Class: 5 Class: 6 Class: 7
Sensitivity           0.36217 0.222222   0.9703  0.33196 0.213592 0.2758621  0.00000 0.272727
Specificity           0.98282 0.997970   0.3699  0.98349 0.999501 0.9997027  1.00000 0.999205
Pos Pred Value        0.66385 0.750000   0.8386  0.68143 0.814815 0.7272727      NaN 0.652174
Neg Pred Value        0.94268 0.979084   0.7868  0.93261 0.991975 0.9979226  0.99832 0.996038
Precision             0.66385 0.750000   0.8386  0.68143 0.814815 0.7272727       NA 0.652174
Recall                0.36217 0.222222   0.9703  0.33196 0.213592 0.2758621  0.00000 0.272727
F1                    0.46866 0.342857   0.8996  0.44644 0.338462 0.4000000       NA 0.384615
Prevalence            0.08567 0.026680   0.7713  0.09615 0.010178 0.0028656  0.00168 0.005435
Detection Rate        0.03103 0.005929   0.7484  0.03192 0.002174 0.0007905  0.00000 0.001482
Detection Prevalence  0.04674 0.007905   0.8925  0.04684 0.002668 0.0010870  0.00000 0.002273
Balanced Accuracy     0.67249 0.610096   0.6701  0.65773 0.606547 0.6377824  0.50000 0.635966
