Confusion Matrix and Statistics

          Reference
Prediction    0    1    2    3    4    5    6
         0   96   85   14    0    2    0    1
         1  160 7473  527   53   13   10   36
         2   13  203  409    8    3    4    6
         3    0   38   14   45    0    0    0
         4    2    9    2    0   12    0    0
         5    0    4    1    0    0    3    0
         6    0    7    7    1    0    0   13

Overall Statistics
                                          
               Accuracy : 0.8681          
                 95% CI : (0.8611, 0.8749)
    No Information Rate : 0.8431          
    P-Value [Acc > NIR] : 6.891e-12       
                                          
                  Kappa : 0.4503          
                                          
 Mcnemar's Test P-Value : NA              

Statistics by Class:

                     Class: 0 Class: 1 Class: 2 Class: 3 Class: 4  Class: 5 Class: 6
Sensitivity           0.35424   0.9557  0.41992 0.420561 0.400000 0.1764706 0.232143
Specificity           0.98867   0.4509  0.97145 0.994327 0.998594 0.9994599 0.998373
Pos Pred Value        0.48485   0.9034  0.63313 0.463918 0.480000 0.3750000 0.464286
Neg Pred Value        0.98072   0.6547  0.93452 0.993244 0.998054 0.9984891 0.995349
Precision             0.48485   0.9034  0.63313 0.463918 0.480000 0.3750000 0.464286
Recall                0.35424   0.9557  0.41992 0.420561 0.400000 0.1764706 0.232143
F1                    0.40938   0.9288  0.50494 0.441176 0.436364 0.2400000 0.309524
Prevalence            0.02922   0.8431  0.10502 0.011538 0.003235 0.0018331 0.006038
Detection Rate        0.01035   0.8058  0.04410 0.004852 0.001294 0.0003235 0.001402
Detection Prevalence  0.02135   0.8920  0.06966 0.010459 0.002696 0.0008626 0.003019
Balanced Accuracy     0.67146   0.7033  0.69568 0.707444 0.699297 0.5879652 0.615258
