Confusion Matrix and Statistics

          Reference
Prediction    0    1    2    3    4    5    6
         0  130   59   18    1    1    0    0
         1  119 7412  390   43   10    9   25
         2   16  296  557    6    3    0    7
         3    1   29    4   56    0    0    1
         4    1    5    3    0   16    2    0
         5    0    5    0    0    0    5    0
         6    4   13    2    1    0    1   23

Overall Statistics
                                          
               Accuracy : 0.8841          
                 95% CI : (0.8774, 0.8905)
    No Information Rate : 0.8431          
    P-Value [Acc > NIR] : < 2.2e-16       
                                          
                  Kappa : 0.5561          
                                          
 Mcnemar's Test P-Value : NA              

Statistics by Class:

                     Class: 0 Class: 1 Class: 2 Class: 3 Class: 4  Class: 5 Class: 6
Sensitivity           0.47970   0.9479  0.57187 0.523364 0.533333 0.2941176 0.410714
Specificity           0.99123   0.5904  0.96048 0.996182 0.998810 0.9994599 0.997722
Pos Pred Value        0.62201   0.9256  0.62938 0.615385 0.592593 0.5000000 0.522727
Neg Pred Value        0.98445   0.6785  0.95029 0.994446 0.998486 0.9987047 0.996425
Precision             0.62201   0.9256  0.62938 0.615385 0.592593 0.5000000 0.522727
Recall                0.47970   0.9479  0.57187 0.523364 0.533333 0.2941176 0.410714
F1                    0.54167   0.9366  0.59925 0.565657 0.561404 0.3703704 0.460000
Prevalence            0.02922   0.8431  0.10502 0.011538 0.003235 0.0018331 0.006038
Detection Rate        0.01402   0.7992  0.06006 0.006038 0.001725 0.0005391 0.002480
Detection Prevalence  0.02254   0.8635  0.09543 0.009812 0.002911 0.0010783 0.004744
Balanced Accuracy     0.73546   0.7692  0.76618 0.759773 0.766072 0.6467888 0.704218
