Confusion Matrix and Statistics

          Reference
Prediction    0    1    2    3    4    5    6    7
         0  418   13  124   32    6    2    0    2
         1   12  110   57    8    1    1    0    1
         2  381  131 7375  426   43   10    4   21
         3   52   13  206  500    5    1    3    3
         4    1    3   24    3   48    1    0    0
         5    1    0    4    1    0   14    0    1
         6    0    0    6    2    0    0   10    0
         7    2    0   10    1    0    0    0   27

Overall Statistics
                                          
               Accuracy : 0.8401          
                 95% CI : (0.8328, 0.8472)
    No Information Rate : 0.7713          
    P-Value [Acc > NIR] : < 2.2e-16       
                                          
                  Kappa : 0.5397          
                                          
 Mcnemar's Test P-Value : NA              

Statistics by Class:

                     Class: 0 Class: 1 Class: 2 Class: 3 Class: 4 Class: 5  Class: 6 Class: 7
Sensitivity           0.48212  0.40741   0.9448  0.51387 0.466019 0.482759 0.5882353 0.490909
Specificity           0.98065  0.99188   0.5609  0.96906 0.996805 0.999306 0.9992082 0.998708
Pos Pred Value        0.70017  0.57895   0.8789  0.63857 0.600000 0.666667 0.5555556 0.675000
Neg Pred Value        0.95285  0.98389   0.7507  0.94934 0.994522 0.998515 0.9993071 0.997222
Precision             0.70017  0.57895   0.8789  0.63857 0.600000 0.666667 0.5555556 0.675000
Recall                0.48212  0.40741   0.9448  0.51387 0.466019 0.482759 0.5882353 0.490909
F1                    0.57104  0.47826   0.9107  0.56948 0.524590 0.560000 0.5714286 0.568421
Prevalence            0.08567  0.02668   0.7713  0.09615 0.010178 0.002866 0.0016798 0.005435
Detection Rate        0.04130  0.01087   0.7288  0.04941 0.004743 0.001383 0.0009881 0.002668
Detection Prevalence  0.05899  0.01877   0.8292  0.07737 0.007905 0.002075 0.0017787 0.003953
Balanced Accuracy     0.73139  0.69964   0.7529  0.74147 0.731412 0.741032 0.7937217 0.744809
