Confusion Matrix and Statistics

          Reference
Prediction    0    1    2    3    4    5    6
         0  135   71   14    2    2    1    1
         1  116 7405  371   47   11   10   23
         2   16  291  578    5    3    1    8
         3    1   25    4   51    0    0    0
         4    0    5    2    2   14    1    0
         5    0    5    0    0    0    4    0
         6    3   17    5    0    0    0   24

Overall Statistics
                                          
               Accuracy : 0.8854          
                 95% CI : (0.8787, 0.8918)
    No Information Rate : 0.8431          
    P-Value [Acc > NIR] : < 2.2e-16       
                                          
                  Kappa : 0.5645          
                                          
 Mcnemar's Test P-Value : NA              

Statistics by Class:

                     Class: 0 Class: 1 Class: 2 Class: 3 Class: 4  Class: 5 Class: 6
Sensitivity           0.49815   0.9471  0.59343 0.476636 0.466667 0.2352941 0.428571
Specificity           0.98989   0.6027  0.96096 0.996727 0.998918 0.9994599 0.997288
Pos Pred Value        0.59735   0.9276  0.64080 0.629630 0.583333 0.4444444 0.489796
Neg Pred Value        0.98497   0.6793  0.95270 0.993908 0.998270 0.9985969 0.996531
Precision             0.59735   0.9276  0.64080 0.629630 0.583333 0.4444444 0.489796
Recall                0.49815   0.9471  0.59343 0.476636 0.466667 0.2352941 0.428571
F1                    0.54326   0.9372  0.61620 0.542553 0.518519 0.3076923 0.457143
Prevalence            0.02922   0.8431  0.10502 0.011538 0.003235 0.0018331 0.006038
Detection Rate        0.01456   0.7985  0.06232 0.005499 0.001510 0.0004313 0.002588
Detection Prevalence  0.02437   0.8608  0.09726 0.008734 0.002588 0.0009705 0.005284
Balanced Accuracy     0.74402   0.7749  0.77720 0.736681 0.732792 0.6173770 0.712930
