Confusion Matrix and Statistics

          Reference
Prediction    0    1    2    3    4    5    6    7
         0  214    4  104   47    1    1    0    0
         1    6   42   26    5    1    0    1    1
         2  619  206 7485  647   72   19   10   32
         3   22   17  159  270    5    0    1    4
         4    0    0   10    1   24    1    0    0
         5    4    0   14    0    0    8    0    0
         6    1    0    3    2    0    0    5    0
         7    1    1    5    1    0    0    0   18

Overall Statistics
                                          
               Accuracy : 0.797           
                 95% CI : (0.7891, 0.8048)
    No Information Rate : 0.7713          
    P-Value [Acc > NIR] : 2.397e-10       
                                          
                  Kappa : 0.3217          
                                          
 Mcnemar's Test P-Value : NA              

Statistics by Class:

                     Class: 0 Class: 1 Class: 2 Class: 3 Class: 4  Class: 5  Class: 6 Class: 7
Sensitivity           0.24683 0.155556   0.9589  0.27749 0.233010 0.2758621 0.2941176 0.327273
Specificity           0.98303 0.995939   0.3064  0.97726 0.998802 0.9982162 0.9994061 0.999205
Pos Pred Value        0.57682 0.512195   0.8234  0.56485 0.666667 0.3076923 0.4545455 0.692308
Neg Pred Value        0.93302 0.977286   0.6883  0.92709 0.992166 0.9979196 0.9988129 0.996334
Precision             0.57682 0.512195   0.8234  0.56485 0.666667 0.3076923 0.4545455 0.692308
Recall                0.24683 0.155556   0.9589  0.27749 0.233010 0.2758621 0.2941176 0.327273
F1                    0.34572 0.238636   0.8860  0.37216 0.345324 0.2909091 0.3571429 0.444444
Prevalence            0.08567 0.026680   0.7713  0.09615 0.010178 0.0028656 0.0016798 0.005435
Detection Rate        0.02115 0.004150   0.7396  0.02668 0.002372 0.0007905 0.0004941 0.001779
Detection Prevalence  0.03666 0.008103   0.8982  0.04723 0.003557 0.0025692 0.0010870 0.002569
Balanced Accuracy     0.61493 0.575747   0.6326  0.62738 0.615906 0.6370392 0.6467619 0.663239
