Confusion Matrix and Statistics

          Reference
Prediction    0    1    2    3    4    5    6    7
         0  429   17  166   36    7    1    1    2
         1   15   96   52    8    1    3    0    3
         2  366  141 7330  417   48   14   10   23
         3   50   14  218  506    5    0    1    2
         4    4    2   25    4   42    0    0    1
         5    1    0    7    0    0   11    0    1
         6    1    0    2    0    0    0    4    0
         7    1    0    6    2    0    0    1   23

Overall Statistics
                                          
               Accuracy : 0.8341          
                 95% CI : (0.8267, 0.8413)
    No Information Rate : 0.7713          
    P-Value [Acc > NIR] : < 2.2e-16       
                                          
                  Kappa : 0.5259          
                                          
 Mcnemar's Test P-Value : NA              

Statistics by Class:

                     Class: 0 Class: 1 Class: 2 Class: 3 Class: 4 Class: 5  Class: 6 Class: 7
Sensitivity           0.49481 0.355556   0.9390  0.52004 0.407767 0.379310 0.2352941 0.418182
Specificity           0.97514 0.991675   0.5596  0.96830 0.996406 0.999108 0.9997031 0.999006
Pos Pred Value        0.65099 0.539326   0.8779  0.63568 0.538462 0.550000 0.5714286 0.696970
Neg Pred Value        0.95370 0.982498   0.7312  0.94991 0.993926 0.998218 0.9987145 0.996828
Precision             0.65099 0.539326   0.8779  0.63568 0.538462 0.550000 0.5714286 0.696970
Recall                0.49481 0.355556   0.9390  0.52004 0.407767 0.379310 0.2352941 0.418182
F1                    0.56225 0.428571   0.9075  0.57207 0.464088 0.448980 0.3333333 0.522727
Prevalence            0.08567 0.026680   0.7713  0.09615 0.010178 0.002866 0.0016798 0.005435
Detection Rate        0.04239 0.009486   0.7243  0.05000 0.004150 0.001087 0.0003953 0.002273
Detection Prevalence  0.06512 0.017589   0.8250  0.07866 0.007708 0.001976 0.0006917 0.003261
Balanced Accuracy     0.73498 0.673615   0.7493  0.74417 0.702087 0.689209 0.6174986 0.708594
