Confusion Matrix and Statistics

          Reference
Prediction    0    1    2    3    4    5    6    7
         0  501   14  150   34    5    1    0    4
         1    8  124   41   10    2    0    0    2
         2  314  112 7393  340   39   11    7   17
         3   41   16  193  585    3    3    2    3
         4    1    1   18    2   54    0    0    1
         5    0    2    2    0    0   14    0    0
         6    0    0    3    2    0    0    8    0
         7    2    1    7    0    0    0    0   28

Overall Statistics
                                         
               Accuracy : 0.8603         
                 95% CI : (0.8534, 0.867)
    No Information Rate : 0.7714         
    P-Value [Acc > NIR] : < 2.2e-16      
                                         
                  Kappa : 0.6096         
                                         
 Mcnemar's Test P-Value : NA             

Statistics by Class:

                     Class: 0 Class: 1 Class: 2 Class: 3 Class: 4 Class: 5  Class: 6 Class: 7
Sensitivity           0.57785  0.45926   0.9470  0.60123 0.524272 0.482759 0.4705882 0.509091
Specificity           0.97752  0.99360   0.6370  0.97147 0.997704 0.999604 0.9995051 0.999007
Pos Pred Value        0.70663  0.66310   0.8980  0.69149 0.701299 0.777778 0.6153846 0.736842
Neg Pred Value        0.96111  0.98530   0.7807  0.95817 0.995121 0.998515 0.9991096 0.997322
Precision             0.70663  0.66310   0.8980  0.69149 0.701299 0.777778 0.6153846 0.736842
Recall                0.57785  0.45926   0.9470  0.60123 0.524272 0.482759 0.4705882 0.509091
F1                    0.63579  0.54267   0.9218  0.64321 0.600000 0.595745 0.5333333 0.602151
Prevalence            0.08566  0.02668   0.7714  0.09614 0.010177 0.002865 0.0016797 0.005434
Detection Rate        0.04950  0.01225   0.7305  0.05780 0.005335 0.001383 0.0007904 0.002767
Detection Prevalence  0.07005  0.01848   0.8135  0.08359 0.007608 0.001778 0.0012845 0.003755
Balanced Accuracy     0.77769  0.72643   0.7920  0.78635 0.760988 0.741181 0.7350467 0.754049
