Confusion Matrix and Statistics

          Reference
Prediction    0    1    2    3    4    5    6    7
         0  313    8  129   33    2    2    0    2
         1    9   65   35    9    1    0    0    1
         2  508  184 7434  572   67   16   10   25
         3   30   11  155  356    6    1    1    5
         4    5    1   17    2   26    0    0    1
         5    1    1   13    0    0   10    0    2
         6    0    0    7    0    0    0    5    1
         7    1    0   16    1    1    0    1   18

Overall Statistics
                                          
               Accuracy : 0.8129          
                 95% CI : (0.8052, 0.8205)
    No Information Rate : 0.7713          
    P-Value [Acc > NIR] : < 2.2e-16       
                                          
                  Kappa : 0.412           
                                          
 Mcnemar's Test P-Value : NA              

Statistics by Class:

                     Class: 0 Class: 1 Class: 2 Class: 3 Class: 4  Class: 5  Class: 6 Class: 7
Sensitivity           0.36101 0.240741   0.9523  0.36588 0.252427 0.3448276 0.2941176 0.327273
Specificity           0.98098 0.994416   0.4028  0.97715 0.997404 0.9983153 0.9992082 0.998013
Pos Pred Value        0.64008 0.541667   0.8432  0.63009 0.500000 0.3703704 0.3846154 0.473684
Neg Pred Value        0.94248 0.979500   0.7147  0.93543 0.992352 0.9981175 0.9988127 0.996330
Precision             0.64008 0.541667   0.8432  0.63009 0.500000 0.3703704 0.3846154 0.473684
Recall                0.36101 0.240741   0.9523  0.36588 0.252427 0.3448276 0.2941176 0.327273
F1                    0.46165 0.333333   0.8945  0.46294 0.335484 0.3571429 0.3333333 0.387097
Prevalence            0.08567 0.026680   0.7713  0.09615 0.010178 0.0028656 0.0016798 0.005435
Detection Rate        0.03093 0.006423   0.7346  0.03518 0.002569 0.0009881 0.0004941 0.001779
Detection Prevalence  0.04832 0.011858   0.8711  0.05583 0.005138 0.0026680 0.0012846 0.003755
Balanced Accuracy     0.67100 0.617578   0.6776  0.67151 0.624916 0.6715715 0.6466629 0.662643
