Confusion Matrix and Statistics

          Reference
Prediction    0    1    2    3    4    5    6
         0  139   77   16    2    0    0    1
         1  116 7388  382   47   13   11   26
         2   14  296  567    8    1    1    4
         3    1   29    6   48    1    0    0
         4    0    8    0    0   15    2    1
         5    0    7    0    0    0    3    0
         6    1   14    3    2    0    0   24

Overall Statistics
                                         
               Accuracy : 0.8825         
                 95% CI : (0.8757, 0.889)
    No Information Rate : 0.8431         
    P-Value [Acc > NIR] : < 2.2e-16      
                                         
                  Kappa : 0.5536         
                                         
 Mcnemar's Test P-Value : NA             

Statistics by Class:

                     Class: 0 Class: 1 Class: 2 Class: 3 Class: 4  Class: 5 Class: 6
Sensitivity           0.51292   0.9449  0.58214 0.448598 0.500000 0.1764706 0.428571
Specificity           0.98934   0.5911  0.96096 0.995964 0.998810 0.9992438 0.997830
Pos Pred Value        0.59149   0.9255  0.63636 0.564706 0.576923 0.3000000 0.545455
Neg Pred Value        0.98540   0.6662  0.95145 0.993579 0.998378 0.9984888 0.996533
Precision             0.59149   0.9255  0.63636 0.564706 0.576923 0.3000000 0.545455
Recall                0.51292   0.9449  0.58214 0.448598 0.500000 0.1764706 0.428571
F1                    0.54941   0.9351  0.60804 0.500000 0.535714 0.2222222 0.480000
Prevalence            0.02922   0.8431  0.10502 0.011538 0.003235 0.0018331 0.006038
Detection Rate        0.01499   0.7966  0.06114 0.005176 0.001617 0.0003235 0.002588
Detection Prevalence  0.02534   0.8608  0.09608 0.009165 0.002804 0.0010783 0.004744
Balanced Accuracy     0.75113   0.7680  0.77155 0.722281 0.749405 0.5878572 0.713201
