Confusion Matrix and Statistics

          Reference
Prediction    0    1    2    3    4    5    6
         0  139   68    9    2    1    0    2
         1  112 7408  372   44    9   10   21
         2   15  276  579   10    1    0    7
         3    0   28    5   48    0    0    1
         4    0    9    2    1   17    2    0
         5    0   13    1    0    0    5    0
         6    5   17    6    2    2    0   25

Overall Statistics
                                          
               Accuracy : 0.8865          
                 95% CI : (0.8798, 0.8928)
    No Information Rate : 0.8431          
    P-Value [Acc > NIR] : < 2.2e-16       
                                          
                  Kappa : 0.5699          
                                          
 Mcnemar's Test P-Value : NA              

Statistics by Class:

                     Class: 0 Class: 1 Class: 2 Class: 3 Class: 4  Class: 5 Class: 6
Sensitivity           0.51292   0.9474  0.59446 0.448598 0.566667 0.2941176 0.446429
Specificity           0.99089   0.6096  0.96277 0.996291 0.998486 0.9984876 0.996529
Pos Pred Value        0.62896   0.9288  0.65203 0.585366 0.548387 0.2631579 0.438596
Neg Pred Value        0.98542   0.6834  0.95290 0.993581 0.998594 0.9987034 0.996637
Precision             0.62896   0.9288  0.65203 0.585366 0.548387 0.2631579 0.438596
Recall                0.51292   0.9474  0.59446 0.448598 0.566667 0.2941176 0.446429
F1                    0.56504   0.9380  0.62191 0.507937 0.557377 0.2777778 0.442478
Prevalence            0.02922   0.8431  0.10502 0.011538 0.003235 0.0018331 0.006038
Detection Rate        0.01499   0.7988  0.06243 0.005176 0.001833 0.0005391 0.002696
Detection Prevalence  0.02383   0.8600  0.09575 0.008842 0.003343 0.0020487 0.006146
Balanced Accuracy     0.75190   0.7785  0.77861 0.722445 0.782576 0.6463026 0.721479
