Confusion Matrix and Statistics

          Reference
Prediction    0    1    2    3    4    5    6    7
         0  518   13  167   40    4    1    0    5
         1   13  122   41    7    2    0    0    2
         2  292  112 7343  342   40   13    5   15
         3   37   19  216  576    2    4    4    2
         4    3    2   30    3   55    0    0    0
         5    2    2    4    0    0   10    0    0
         6    1    0    2    3    0    0    8    1
         7    1    0    4    2    0    1    0   30

Overall Statistics
                                          
               Accuracy : 0.8558          
                 95% CI : (0.8488, 0.8626)
    No Information Rate : 0.7714          
    P-Value [Acc > NIR] : < 2.2e-16       
                                          
                  Kappa : 0.6027          
                                          
 Mcnemar's Test P-Value : NA              

Statistics by Class:

                     Class: 0 Class: 1 Class: 2 Class: 3 Class: 4 Class: 5  Class: 6 Class: 7
Sensitivity           0.59746  0.45185   0.9406  0.59198 0.533981 0.344828 0.4705882 0.545455
Specificity           0.97515  0.99340   0.6461  0.96895 0.996207 0.999207 0.9993072 0.999205
Pos Pred Value        0.69251  0.65241   0.8997  0.66977 0.591398 0.555556 0.5333333 0.789474
Neg Pred Value        0.96277  0.98510   0.7631  0.95713 0.995213 0.998119 0.9991094 0.997521
Precision             0.69251  0.65241   0.8997  0.66977 0.591398 0.555556 0.5333333 0.789474
Recall                0.59746  0.45185   0.9406  0.59198 0.533981 0.344828 0.4705882 0.545455
F1                    0.64149  0.53392   0.9197  0.62848 0.561224 0.425532 0.5000000 0.645161
Prevalence            0.08566  0.02668   0.7714  0.09614 0.010177 0.002865 0.0016797 0.005434
Detection Rate        0.05118  0.01205   0.7255  0.05691 0.005434 0.000988 0.0007904 0.002964
Detection Prevalence  0.07391  0.01848   0.8064  0.08497 0.009189 0.001778 0.0014821 0.003755
Balanced Accuracy     0.78630  0.72263   0.7933  0.78047 0.765094 0.672017 0.7349477 0.772330
