Confusion Matrix and Statistics

          Reference
Prediction    0    1    2    3    4    5    6    7
         0  520   23  174   42    5    1    0    5
         1   13  126   54   11    1    0    0    0
         2  297  102 7313  313   38   10    8   20
         3   35   15  236  603    4    3    1    2
         4    2    2   15    3   54    0    0    1
         5    0    0    1    0    0   14    0    0
         6    0    0    4    0    0    0    8    0
         7    0    2   10    1    1    1    0   27

Overall Statistics
                                          
               Accuracy : 0.8561          
                 95% CI : (0.8492, 0.8629)
    No Information Rate : 0.7714          
    P-Value [Acc > NIR] : < 2.2e-16       
                                          
                  Kappa : 0.6079          
                                          
 Mcnemar's Test P-Value : NA              

Statistics by Class:

                     Class: 0 Class: 1 Class: 2 Class: 3 Class: 4 Class: 5  Class: 6 Class: 7
Sensitivity           0.59977  0.46667   0.9367  0.61973 0.524272 0.482759 0.4705882 0.490909
Specificity           0.97298  0.99198   0.6595  0.96764 0.997704 0.999901 0.9996041 0.998510
Pos Pred Value        0.67532  0.61463   0.9027  0.67075 0.701299 0.933333 0.6666667 0.642857
Neg Pred Value        0.96289  0.98548   0.7554  0.95988 0.995121 0.998516 0.9991097 0.997222
Precision             0.67532  0.61463   0.9027  0.67075 0.701299 0.933333 0.6666667 0.642857
Recall                0.59977  0.46667   0.9367  0.61973 0.524272 0.482759 0.4705882 0.490909
F1                    0.63531  0.53053   0.9194  0.64423 0.600000 0.636364 0.5517241 0.556701
Prevalence            0.08566  0.02668   0.7714  0.09614 0.010177 0.002865 0.0016797 0.005434
Detection Rate        0.05138  0.01245   0.7226  0.05958 0.005335 0.001383 0.0007904 0.002668
Detection Prevalence  0.07608  0.02025   0.8004  0.08883 0.007608 0.001482 0.0011857 0.004150
Balanced Accuracy     0.78638  0.72932   0.7981  0.79369 0.760988 0.741330 0.7350962 0.744709
