Confusion Matrix and Statistics

          Reference
Prediction    0    1    2    3    4    5    6    7
         0  482   14  188   41    2    0    1    4
         1   11  116   68   14    3    0    0    1
         2  324  118 7270  375   35   13    3   22
         3   38   17  223  529    5    1    0    3
         4    6    3   30   12   58    0    0    0
         5    2    0    5    1    0   14    0    0
         6    2    1    9    0    0    0   12    0
         7    2    1   13    1    0    1    1   25

Overall Statistics
                                          
               Accuracy : 0.8405          
                 95% CI : (0.8332, 0.8476)
    No Information Rate : 0.7713          
    P-Value [Acc > NIR] : < 2.2e-16       
                                          
                  Kappa : 0.5611          
                                          
 Mcnemar's Test P-Value : NA              

Statistics by Class:

                     Class: 0 Class: 1 Class: 2 Class: 3 Class: 4 Class: 5 Class: 6 Class: 7
Sensitivity           0.55594  0.42963   0.9313  0.54368 0.563107 0.482759 0.705882 0.454545
Specificity           0.97298  0.99015   0.6154  0.96862 0.994909 0.999207 0.998812 0.998112
Pos Pred Value        0.65847  0.54460   0.8909  0.64828 0.532110 0.636364 0.500000 0.568182
Neg Pred Value        0.95899  0.98446   0.7265  0.95228 0.995505 0.998515 0.999505 0.997023
Precision             0.65847  0.54460   0.8909  0.64828 0.532110 0.636364 0.500000 0.568182
Recall                0.55594  0.42963   0.9313  0.54368 0.563107 0.482759 0.705882 0.454545
F1                    0.60288  0.48033   0.9107  0.59139 0.547170 0.549020 0.585366 0.505051
Prevalence            0.08567  0.02668   0.7713  0.09615 0.010178 0.002866 0.001680 0.005435
Detection Rate        0.04763  0.01146   0.7184  0.05227 0.005731 0.001383 0.001186 0.002470
Detection Prevalence  0.07233  0.02105   0.8063  0.08063 0.010771 0.002174 0.002372 0.004348
Balanced Accuracy     0.76446  0.70989   0.7734  0.75615 0.779008 0.740983 0.852347 0.726329
