Confusion Matrix and Statistics

          Reference
Prediction    0    1    2    3    4    5    6
         0  137   62   13    0    1    0    0
         1  119 7438  370   41    9    9   25
         2   13  273  580    7    2    2    3
         3    0   17    4   57    1    0    0
         4    0    6    4    2   17    2    1
         5    0    6    0    0    0    4    0
         6    2   17    3    0    0    0   27

Overall Statistics
                                          
               Accuracy : 0.8907          
                 95% CI : (0.8841, 0.8969)
    No Information Rate : 0.8431          
    P-Value [Acc > NIR] : < 2.2e-16       
                                          
                  Kappa : 0.581           
                                          
 Mcnemar's Test P-Value : NA              

Statistics by Class:

                     Class: 0 Class: 1 Class: 2 Class: 3 Class: 4  Class: 5 Class: 6
Sensitivity           0.50554   0.9513  0.59548 0.532710 0.566667 0.2352941 0.482143
Specificity           0.99156   0.6062  0.96386 0.997600 0.998377 0.9993518 0.997613
Pos Pred Value        0.64319   0.9285  0.65909 0.721519 0.531250 0.4000000 0.551020
Neg Pred Value        0.98521   0.6983  0.95306 0.994562 0.998593 0.9985967 0.996856
Precision             0.64319   0.9285  0.65909 0.721519 0.531250 0.4000000 0.551020
Recall                0.50554   0.9513  0.59548 0.532710 0.566667 0.2352941 0.482143
F1                    0.56612   0.9397  0.62567 0.612903 0.548387 0.2962963 0.514286
Prevalence            0.02922   0.8431  0.10502 0.011538 0.003235 0.0018331 0.006038
Detection Rate        0.01477   0.8020  0.06254 0.006146 0.001833 0.0004313 0.002911
Detection Prevalence  0.02297   0.8638  0.09489 0.008518 0.003451 0.0010783 0.005284
Balanced Accuracy     0.74855   0.7787  0.77967 0.765155 0.782522 0.6173230 0.739878
