Confusion Matrix and Statistics

          Reference
Prediction    0    1    2    3    4    5    6    7
         0  465   15  167   42    5    0    0    2
         1    8   95   51    8    0    0    1    2
         2  351  136 7358  438   48   13    7   23
         3   36   19  178  473    3    2    0    0
         4    5    2   25    6   47    0    0    1
         5    1    1    8    0    0   14    0    1
         6    0    0    7    2    0    0    8    1
         7    1    2   12    4    0    0    1   25

Overall Statistics
                                          
               Accuracy : 0.8384          
                 95% CI : (0.8311, 0.8456)
    No Information Rate : 0.7713          
    P-Value [Acc > NIR] : < 2.2e-16       
                                          
                  Kappa : 0.5365          
                                          
 Mcnemar's Test P-Value : NA              

Statistics by Class:

                     Class: 0 Class: 1 Class: 2 Class: 3 Class: 4 Class: 5  Class: 6 Class: 7
Sensitivity           0.53633 0.351852   0.9426  0.48613 0.456311 0.482759 0.4705882 0.454545
Specificity           0.97504 0.992893   0.5609  0.97398 0.996107 0.998910 0.9990102 0.998013
Pos Pred Value        0.66810 0.575758   0.8787  0.66526 0.546512 0.560000 0.4444444 0.555556
Neg Pred Value        0.95734 0.982421   0.7434  0.94686 0.994419 0.998514 0.9991091 0.997022
Precision             0.66810 0.575758   0.8787  0.66526 0.546512 0.560000 0.4444444 0.555556
Recall                0.53633 0.351852   0.9426  0.48613 0.456311 0.482759 0.4705882 0.454545
F1                    0.59501 0.436782   0.9095  0.56176 0.497354 0.518519 0.4571429 0.500000
Prevalence            0.08567 0.026680   0.7713  0.09615 0.010178 0.002866 0.0016798 0.005435
Detection Rate        0.04595 0.009387   0.7271  0.04674 0.004644 0.001383 0.0007905 0.002470
Detection Prevalence  0.06877 0.016304   0.8275  0.07026 0.008498 0.002470 0.0017787 0.004447
Balanced Accuracy     0.75568 0.672373   0.7518  0.73005 0.726209 0.740834 0.7347992 0.726279
