Confusion Matrix and Statistics

          Reference
Prediction    0    1    2    3    4    5    6    7
         0  278    5  113   37    2    1    0    1
         1    6   71   21    5    1    0    0    0
         2  552  179 7510  582   57   19   11   27
         3   25   11  127  339    5    1    0    1
         4    4    1   19    6   37    0    0    1
         5    1    0    0    0    0    8    0    2
         6    0    0    5    2    0    0    5    0
         7    1    3   11    2    1    0    1   23

Overall Statistics
                                          
               Accuracy : 0.8173          
                 95% CI : (0.8096, 0.8248)
    No Information Rate : 0.7713          
    P-Value [Acc > NIR] : < 2.2e-16       
                                          
                  Kappa : 0.4105          
                                          
 Mcnemar's Test P-Value : NA              

Statistics by Class:

                     Class: 0 Class: 1 Class: 2 Class: 3 Class: 4  Class: 5  Class: 6 Class: 7
Sensitivity           0.32065 0.262963   0.9621  0.34841 0.359223 0.2758621 0.2941176 0.418182
Specificity           0.98282 0.996650   0.3833  0.98141 0.996905 0.9997027 0.9993071 0.998112
Pos Pred Value        0.63616 0.682692   0.8403  0.66601 0.544118 0.7272727 0.4166667 0.547619
Neg Pred Value        0.93917 0.980132   0.7498  0.93403 0.993434 0.9979226 0.9988128 0.996825
Precision             0.63616 0.682692   0.8403  0.66601 0.544118 0.7272727 0.4166667 0.547619
Recall                0.32065 0.262963   0.9621  0.34841 0.359223 0.2758621 0.2941176 0.418182
F1                    0.42638 0.379679   0.8971  0.45749 0.432749 0.4000000 0.3448276 0.474227
Prevalence            0.08567 0.026680   0.7713  0.09615 0.010178 0.0028656 0.0016798 0.005435
Detection Rate        0.02747 0.007016   0.7421  0.03350 0.003656 0.0007905 0.0004941 0.002273
Detection Prevalence  0.04318 0.010277   0.8831  0.05030 0.006719 0.0010870 0.0011858 0.004150
Balanced Accuracy     0.65173 0.629806   0.6727  0.66491 0.678064 0.6377824 0.6467124 0.708147
