Confusion Matrix and Statistics

          Reference
Prediction    0    1    2    3    4    5    6    7
         0  440   12  167   48    5    2    0    1
         1    8  111   50   10    2    0    0    2
         2  376  125 7368  451   46   15    4   23
         3   35   16  187  457    5    1    2    3
         4    2    3   11    4   45    0    0    0
         5    2    1    3    0    0   11    1    1
         6    1    0    9    1    0    0    9    0
         7    3    2   11    2    0    0    1   25

Overall Statistics
                                          
               Accuracy : 0.8366          
                 95% CI : (0.8292, 0.8437)
    No Information Rate : 0.7713          
    P-Value [Acc > NIR] : < 2.2e-16       
                                          
                  Kappa : 0.5278          
                                          
 Mcnemar's Test P-Value : NA              

Statistics by Class:

                     Class: 0 Class: 1 Class: 2 Class: 3 Class: 4 Class: 5  Class: 6 Class: 7
Sensitivity           0.50750  0.41111   0.9439  0.46968 0.436893 0.379310 0.5294118 0.454545
Specificity           0.97460  0.99269   0.5506  0.97278 0.998003 0.999207 0.9989112 0.998112
Pos Pred Value        0.65185  0.60656   0.8763  0.64731 0.692308 0.578947 0.4500000 0.568182
Neg Pred Value        0.95479  0.98400   0.7442  0.94519 0.994232 0.998218 0.9992079 0.997023
Precision             0.65185  0.60656   0.8763  0.64731 0.692308 0.578947 0.4500000 0.568182
Recall                0.50750  0.41111   0.9439  0.46968 0.436893 0.379310 0.5294118 0.454545
F1                    0.57069  0.49007   0.9088  0.54437 0.535714 0.458333 0.4864865 0.505051
Prevalence            0.08567  0.02668   0.7713  0.09615 0.010178 0.002866 0.0016798 0.005435
Detection Rate        0.04348  0.01097   0.7281  0.04516 0.004447 0.001087 0.0008893 0.002470
Detection Prevalence  0.06670  0.01808   0.8308  0.06976 0.006423 0.001877 0.0019763 0.004348
Balanced Accuracy     0.74105  0.70190   0.7472  0.72123 0.717448 0.689259 0.7641615 0.726329
