Confusion Matrix and Statistics

          Reference
Prediction    0    1    2    3    4    5    6    7
         0  465    9  154   46    6    1    2    1
         1   12  103   65   10    1    0    0    1
         2  341  137 7348  382   42    9    5   23
         3   42   19  195  521    3    3    2    3
         4    5    1   21    9   51    0    0    1
         5    1    0    9    1    0   15    0    1
         6    0    0    8    1    0    0    8    0
         7    1    1    6    3    0    1    0   25

Overall Statistics
                                          
               Accuracy : 0.8435          
                 95% CI : (0.8363, 0.8505)
    No Information Rate : 0.7713          
    P-Value [Acc > NIR] : < 2.2e-16       
                                          
                  Kappa : 0.5584          
                                          
 Mcnemar's Test P-Value : NA              

Statistics by Class:

                     Class: 0 Class: 1 Class: 2 Class: 3 Class: 4 Class: 5  Class: 6 Class: 7
Sensitivity           0.53633  0.38148   0.9413  0.53546 0.495146 0.517241 0.4705882 0.454545
Specificity           0.97633  0.99096   0.5942  0.97081 0.996306 0.998811 0.9991092 0.998808
Pos Pred Value        0.67982  0.53646   0.8867  0.66117 0.579545 0.555556 0.4705882 0.675676
Neg Pred Value        0.95740  0.98318   0.7501  0.95156 0.994817 0.998613 0.9991092 0.997025
Precision             0.67982  0.53646   0.8867  0.66117 0.579545 0.555556 0.4705882 0.675676
Recall                0.53633  0.38148   0.9413  0.53546 0.495146 0.517241 0.4705882 0.454545
F1                    0.59961  0.44589   0.9132  0.59171 0.534031 0.535714 0.4705882 0.543478
Prevalence            0.08567  0.02668   0.7713  0.09615 0.010178 0.002866 0.0016798 0.005435
Detection Rate        0.04595  0.01018   0.7261  0.05148 0.005040 0.001482 0.0007905 0.002470
Detection Prevalence  0.06759  0.01897   0.8189  0.07787 0.008696 0.002668 0.0016798 0.003656
Balanced Accuracy     0.75633  0.68622   0.7678  0.75313 0.745726 0.758026 0.7348487 0.726677
