Confusion Matrix and Statistics

          Reference
Prediction    0    1    2    3    4    5    6    7
         0   95    2   20   10    1    0    0    0
         1    0   20    4    0    0    0    0    0
         2  764  242 7736  820   82   26   17   41
         3    7    6   43  142    3    0    0    1
         4    0    0    1    0   17    0    0    0
         5    0    0    0    0    0    3    0    0
         6    0    0    0    0    0    0    0    0
         7    1    0    2    1    0    0    0   13

Overall Statistics
                                          
               Accuracy : 0.7931          
                 95% CI : (0.7851, 0.8009)
    No Information Rate : 0.7713          
    P-Value [Acc > NIR] : 7.441e-08       
                                          
                  Kappa : 0.19            
                                          
 Mcnemar's Test P-Value : NA              

Statistics by Class:

                     Class: 0 Class: 1 Class: 2 Class: 3 Class: 4  Class: 5 Class: 6 Class: 7
Sensitivity          0.109573 0.074074   0.9910  0.14594 0.165049 0.1034483  0.00000 0.236364
Specificity          0.996434 0.999594   0.1392  0.99344 0.999900 1.0000000  1.00000 0.999603
Pos Pred Value       0.742187 0.833333   0.7952  0.70297 0.944444 1.0000000      NaN 0.764706
Neg Pred Value       0.922738 0.975238   0.8214  0.91621 0.991487 0.9974301  0.99832 0.995843
Precision            0.742188 0.833333   0.7952  0.70297 0.944444 1.0000000       NA 0.764706
Recall               0.109573 0.074074   0.9910  0.14594 0.165049 0.1034483  0.00000 0.236364
F1                   0.190955 0.136054   0.8824  0.24170 0.280992 0.1875000       NA 0.361111
Prevalence           0.085672 0.026680   0.7713  0.09615 0.010178 0.0028656  0.00168 0.005435
Detection Rate       0.009387 0.001976   0.7644  0.01403 0.001680 0.0002964  0.00000 0.001285
Detection Prevalence 0.012648 0.002372   0.9613  0.01996 0.001779 0.0002964  0.00000 0.001680
Balanced Accuracy    0.553003 0.536834   0.5651  0.56969 0.582474 0.5517241  0.50000 0.617983
