Confusion Matrix and Statistics

          Reference
Prediction    0    1    2    3    4    5    6    7
         0  493   14  160   54    3    1    2    3
         1    7   90   45    2    2    0    1    0
         2  317  140 7332  401   42   12    2   22
         3   44   20  231  509    5    1    1    1
         4    3    4   16    6   51    0    0    1
         5    1    1    9    1    0   15    0    1
         6    1    0    6    0    0    0   10    0
         7    1    1    7    0    0    0    1   27

Overall Statistics
                                          
               Accuracy : 0.8426          
                 95% CI : (0.8353, 0.8496)
    No Information Rate : 0.7713          
    P-Value [Acc > NIR] : < 2.2e-16       
                                          
                  Kappa : 0.5571          
                                          
 Mcnemar's Test P-Value : NA              

Statistics by Class:

                     Class: 0 Class: 1 Class: 2 Class: 3 Class: 4 Class: 5  Class: 6 Class: 7
Sensitivity           0.56863 0.333333   0.9393  0.52312 0.495146 0.517241 0.5882353 0.490909
Specificity           0.97439 0.994213   0.5955  0.96687 0.997005 0.998712 0.9993071 0.999006
Pos Pred Value        0.67534 0.612245   0.8868  0.62685 0.629630 0.535714 0.5882353 0.729730
Neg Pred Value        0.96017 0.981951   0.7441  0.95015 0.994820 0.998613 0.9993071 0.997223
Precision             0.67534 0.612245   0.8868  0.62685 0.629630 0.535714 0.5882353 0.729730
Recall                0.56863 0.333333   0.9393  0.52312 0.495146 0.517241 0.5882353 0.490909
F1                    0.61741 0.431655   0.9123  0.57031 0.554348 0.526316 0.5882353 0.586957
Prevalence            0.08567 0.026680   0.7713  0.09615 0.010178 0.002866 0.0016798 0.005435
Detection Rate        0.04872 0.008893   0.7245  0.05030 0.005040 0.001482 0.0009881 0.002668
Detection Prevalence  0.07213 0.014526   0.8170  0.08024 0.008004 0.002767 0.0016798 0.003656
Balanced Accuracy     0.77151 0.663773   0.7674  0.74500 0.746075 0.757977 0.7937712 0.744958
