Confusion Matrix and Statistics

          Reference
Prediction    0    1    2    3    4    5    6    7
         0  430   20  162   30    6    1    0    2
         1    8   93   46    6    1    0    0    2
         2  372  135 7341  430   45   13    6   22
         3   51   19  223  498    6    2    1    4
         4    1    3   20    6   44    0    0    0
         5    3    0    6    2    0   13    0    2
         6    0    0    5    0    0    0   10    0
         7    2    0    3    1    1    0    0   23

Overall Statistics
                                          
               Accuracy : 0.8352          
                 95% CI : (0.8278, 0.8424)
    No Information Rate : 0.7713          
    P-Value [Acc > NIR] : < 2.2e-16       
                                          
                  Kappa : 0.5275          
                                          
 Mcnemar's Test P-Value : NA              

Statistics by Class:

                     Class: 0 Class: 1 Class: 2 Class: 3 Class: 4 Class: 5  Class: 6 Class: 7
Sensitivity           0.49596  0.34444   0.9404  0.51182 0.427184 0.448276 0.5882353 0.418182
Specificity           0.97612  0.99360   0.5579  0.96655 0.997005 0.998712 0.9995051 0.999305
Pos Pred Value        0.66052  0.59615   0.8777  0.61940 0.594595 0.500000 0.6666667 0.766667
Neg Pred Value        0.95385  0.98224   0.7352  0.94901 0.994127 0.998415 0.9993073 0.996829
Precision             0.66052  0.59615   0.8777  0.61940 0.594595 0.500000 0.6666667 0.766667
Recall                0.49596  0.34444   0.9404  0.51182 0.427184 0.448276 0.5882353 0.418182
F1                    0.56653  0.43662   0.9080  0.56050 0.497175 0.472727 0.6250000 0.541176
Prevalence            0.08567  0.02668   0.7713  0.09615 0.010178 0.002866 0.0016798 0.005435
Detection Rate        0.04249  0.00919   0.7254  0.04921 0.004348 0.001285 0.0009881 0.002273
Detection Prevalence  0.06433  0.01542   0.8265  0.07945 0.007312 0.002569 0.0014822 0.002964
Balanced Accuracy     0.73604  0.66902   0.7492  0.73918 0.712095 0.723494 0.7938702 0.708743
