Confusion Matrix and Statistics

          Reference
Prediction    0    1    2    3    4    5    6    7
         0  491   16  151   29    3    1    0    5
         1   14  119   47    6    2    0    0    0
         2  309  111 7389  369   38    9    9   17
         3   48   21  186  562    5    2    1    4
         4    3    1   22    1   55    0    0    0
         5    1    0    4    1    0   17    0    0
         6    0    0    4    1    0    0    7    0
         7    1    2    4    4    0    0    0   29

Overall Statistics
                                          
               Accuracy : 0.8565          
                 95% CI : (0.8496, 0.8633)
    No Information Rate : 0.7714          
    P-Value [Acc > NIR] : < 2.2e-16       
                                          
                  Kappa : 0.5979          
                                          
 Mcnemar's Test P-Value : NA              

Statistics by Class:

                     Class: 0 Class: 1 Class: 2 Class: 3 Class: 4 Class: 5  Class: 6 Class: 7
Sensitivity           0.56632  0.44074   0.9465  0.57760 0.533981 0.586207 0.4117647 0.527273
Specificity           0.97785  0.99300   0.6275  0.97081 0.997305 0.999405 0.9995051 0.998907
Pos Pred Value        0.70546  0.63298   0.8955  0.67793 0.670732 0.739130 0.5833333 0.725000
Neg Pred Value        0.96011  0.98480   0.7765  0.95577 0.995219 0.998812 0.9990108 0.997421
Precision             0.70546  0.63298   0.8955  0.67793 0.670732 0.739130 0.5833333 0.725000
Recall                0.56632  0.44074   0.9465  0.57760 0.533981 0.586207 0.4117647 0.527273
F1                    0.62828  0.51965   0.9203  0.62375 0.594595 0.653846 0.4827586 0.610526
Prevalence            0.08566  0.02668   0.7714  0.09614 0.010177 0.002865 0.0016797 0.005434
Detection Rate        0.04851  0.01176   0.7301  0.05553 0.005434 0.001680 0.0006916 0.002865
Detection Prevalence  0.06877  0.01858   0.8152  0.08191 0.008102 0.002273 0.0011857 0.003952
Balanced Accuracy     0.77208  0.71687   0.7870  0.77420 0.765643 0.792806 0.7056349 0.763090
