Confusion Matrix and Statistics

          Reference
Prediction    0    1    2    3    4    5    6    7
         0  436   18  178   42    8    3    0    3
         1    6   95   43    4    1    0    0    1
         2  378  140 7362  441   51   11    9   28
         3   39   15  193  481    8    1    0    2
         4    6    1   11    4   35    0    0    0
         5    1    1    6    0    0   14    0    1
         6    0    0    5    0    0    0    6    0
         7    1    0    8    1    0    0    2   20

Overall Statistics
                                          
               Accuracy : 0.8349          
                 95% CI : (0.8275, 0.8421)
    No Information Rate : 0.7713          
    P-Value [Acc > NIR] : < 2.2e-16       
                                          
                  Kappa : 0.5213          
                                          
 Mcnemar's Test P-Value : NA              

Statistics by Class:

                     Class: 0 Class: 1 Class: 2 Class: 3 Class: 4 Class: 5  Class: 6 Class: 7
Sensitivity           0.50288 0.351852   0.9431  0.49435 0.339806 0.482759 0.3529412 0.363636
Specificity           0.97277 0.994416   0.5428  0.97179 0.997804 0.999108 0.9995051 0.998808
Pos Pred Value        0.63372 0.633333   0.8743  0.65088 0.614035 0.608696 0.5454545 0.625000
Neg Pred Value        0.95430 0.982447   0.7388  0.94755 0.993243 0.998514 0.9989119 0.996531
Precision             0.63372 0.633333   0.8743  0.65088 0.614035 0.608696 0.5454545 0.625000
Recall                0.50288 0.351852   0.9431  0.49435 0.339806 0.482759 0.3529412 0.363636
F1                    0.56077 0.452381   0.9074  0.56192 0.437500 0.538462 0.4285714 0.459770
Prevalence            0.08567 0.026680   0.7713  0.09615 0.010178 0.002866 0.0016798 0.005435
Detection Rate        0.04308 0.009387   0.7275  0.04753 0.003458 0.001383 0.0005929 0.001976
Detection Prevalence  0.06798 0.014822   0.8320  0.07302 0.005632 0.002273 0.0010870 0.003162
Balanced Accuracy     0.73782 0.673134   0.7430  0.73307 0.668805 0.740933 0.6762231 0.681222
