Confusion Matrix and Statistics

          Reference
Prediction    0    1    2    3    4    5    6
         0    2    0    0    0    0    0    0
         1  269 7815  967  104   30   17   56
         2    0    1    6    0    0    0    0
         3    0    1    0    3    0    0    0
         4    0    1    0    0    0    0    0
         5    0    0    1    0    0    0    0
         6    0    1    0    0    0    0    0

Overall Statistics
                                          
               Accuracy : 0.8439          
                 95% CI : (0.8363, 0.8512)
    No Information Rate : 0.8431          
    P-Value [Acc > NIR] : 0.4276          
                                          
                  Kappa : 0.0134          
                                          
 Mcnemar's Test P-Value : NA              

Statistics by Class:

                      Class: 0 Class: 1  Class: 2  Class: 3  Class: 4  Class: 5  Class: 6
Sensitivity          0.0073801 0.999488 0.0061602 0.0280374 0.0000000 0.0000000 0.0000000
Specificity          1.0000000 0.008247 0.9998795 0.9998909 0.9998918 0.9998920 0.9998915
Pos Pred Value       1.0000000 0.844135 0.8571429 0.7500000 0.0000000 0.0000000 0.0000000
Neg Pred Value       0.9709879 0.750000 0.8955433 0.9887810 0.9967648 0.9981667 0.9939610
Precision            1.0000000 0.844135 0.8571429 0.7500000 0.0000000 0.0000000 0.0000000
Recall               0.0073801 0.999488 0.0061602 0.0280374 0.0000000 0.0000000 0.0000000
F1                   0.0146520 0.915266 0.0122324 0.0540541       NaN       NaN       NaN
Prevalence           0.0292215 0.843110 0.1050248 0.0115376 0.0032349 0.0018331 0.0060384
Detection Rate       0.0002157 0.842678 0.0006470 0.0003235 0.0000000 0.0000000 0.0000000
Detection Prevalence 0.0002157 0.998275 0.0007548 0.0004313 0.0001078 0.0001078 0.0001078
Balanced Accuracy    0.5036900 0.503868 0.5030198 0.5139641 0.4999459 0.4999460 0.4999458
