Confusion Matrix and Statistics

          Reference
Prediction    0    1    2    3    4    5    6    7
         0  468   10  153   33    3    1    0    3
         1   17  124   61   12    3    0    0    2
         2  319  118 7347  369   47   11    7   20
         3   58   16  211  557    4    5    3    3
         4    2    0   21    1   46    0    0    0
         5    1    0    5    0    0   11    0    0
         6    1    0    5    0    0    0    7    0
         7    1    2    4    1    0    1    0   27

Overall Statistics
                                          
               Accuracy : 0.8484          
                 95% CI : (0.8413, 0.8554)
    No Information Rate : 0.7714          
    P-Value [Acc > NIR] : < 2.2e-16       
                                          
                  Kappa : 0.5762          
                                          
 Mcnemar's Test P-Value : NA              

Statistics by Class:

                     Class: 0 Class: 1 Class: 2 Class: 3 Class: 4 Class: 5  Class: 6 Class: 7
Sensitivity           0.53979  0.45926   0.9411  0.57246 0.446602 0.379310 0.4117647 0.490909
Specificity           0.97806  0.99036   0.6150  0.96721 0.997604 0.999405 0.9994062 0.999106
Pos Pred Value        0.69747  0.56621   0.8918  0.64994 0.657143 0.647059 0.5384615 0.750000
Neg Pred Value        0.95778  0.98526   0.7557  0.95509 0.994329 0.998219 0.9990107 0.997224
Precision             0.69747  0.56621   0.8918  0.64994 0.657143 0.647059 0.5384615 0.750000
Recall                0.53979  0.45926   0.9411  0.57246 0.446602 0.379310 0.4117647 0.490909
F1                    0.60858  0.50716   0.9158  0.60874 0.531792 0.478261 0.4666667 0.593407
Prevalence            0.08566  0.02668   0.7714  0.09614 0.010177 0.002865 0.0016797 0.005434
Detection Rate        0.04624  0.01225   0.7259  0.05503 0.004545 0.001087 0.0006916 0.002668
Detection Prevalence  0.06630  0.02164   0.8140  0.08468 0.006916 0.001680 0.0012845 0.003557
Balanced Accuracy     0.75893  0.72481   0.7780  0.76983 0.722103 0.689358 0.7055854 0.745007
