Confusion Matrix and Statistics

          Reference
Prediction    0    1    2    3    4    5    6    7
         0   45    0   27    6    1    0    0    0
         1    1   15    8    1    0    0    0    0
         2  820  252 7759  937   99   29   17   50
         3    1    3   12   29    3    0    0    0
         4    0    0    0    0    0    0    0    0
         5    0    0    0    0    0    0    0    0
         6    0    0    0    0    0    0    0    0
         7    0    0    0    0    0    0    0    5

Overall Statistics
                                          
               Accuracy : 0.776           
                 95% CI : (0.7677, 0.7841)
    No Information Rate : 0.7713          
    P-Value [Acc > NIR] : 0.1354          
                                          
                  Kappa : 0.0644          
                                          
 Mcnemar's Test P-Value : NA              

Statistics by Class:

                     Class: 0 Class: 1 Class: 2 Class: 3 Class: 4 Class: 5 Class: 6  Class: 7
Sensitivity          0.051903 0.055556  0.99398 0.029805  0.00000 0.000000  0.00000 0.0909091
Specificity          0.996326 0.998985  0.04754 0.997923  1.00000 1.000000  1.00000 1.0000000
Pos Pred Value       0.569620 0.600000  0.77878 0.604167      NaN      NaN      NaN 1.0000000
Neg Pred Value       0.918136 0.974740  0.70064 0.906275  0.98982 0.997134  0.99832 0.9950568
Precision            0.569620 0.600000  0.77878 0.604167       NA       NA       NA 1.0000000
Recall               0.051903 0.055556  0.99398 0.029805  0.00000 0.000000  0.00000 0.0909091
F1                   0.095137 0.101695  0.87332 0.056807       NA       NA       NA 0.1666667
Prevalence           0.085672 0.026680  0.77134 0.096146  0.01018 0.002866  0.00168 0.0054348
Detection Rate       0.004447 0.001482  0.76670 0.002866  0.00000 0.000000  0.00000 0.0004941
Detection Prevalence 0.007806 0.002470  0.98449 0.004743  0.00000 0.000000  0.00000 0.0004941
Balanced Accuracy    0.524114 0.527270  0.52076 0.513864  0.50000 0.500000  0.50000 0.5454545
