Confusion Matrix and Statistics

          Reference
Prediction    0    1    2    3    4    5    6    7
         0  398   11  169   37    2    1    0    1
         1   13  105   65    8    1    0    0    4
         2  386  138 7275  414   53   14    4   26
         3   64   14  264  507    8    2    2    1
         4    4    1   18    6   39    0    0    0
         5    1    0    7    1    0   12    0    0
         6    0    0    6    0    0    0   10    1
         7    1    1    2    0    0    0    1   22

Overall Statistics
                                          
               Accuracy : 0.8269          
                 95% CI : (0.8194, 0.8342)
    No Information Rate : 0.7713          
    P-Value [Acc > NIR] : < 2.2e-16       
                                          
                  Kappa : 0.509           
                                          
 Mcnemar's Test P-Value : NA              

Statistics by Class:

                     Class: 0 Class: 1 Class: 2 Class: 3 Class: 4 Class: 5  Class: 6 Class: 7
Sensitivity           0.45905  0.38889   0.9320  0.52107 0.378641 0.413793 0.5882353 0.400000
Specificity           0.97612  0.99076   0.5527  0.96119 0.997105 0.999108 0.9993071 0.999503
Pos Pred Value        0.64297  0.53571   0.8755  0.58817 0.573529 0.571429 0.5882353 0.814815
Neg Pred Value        0.95064  0.98337   0.7066  0.94967 0.993633 0.998317 0.9993071 0.996730
Precision             0.64297  0.53571   0.8755  0.58817 0.573529 0.571429 0.5882353 0.814815
Recall                0.45905  0.38889   0.9320  0.52107 0.378641 0.413793 0.5882353 0.400000
F1                    0.53567  0.45064   0.9028  0.55259 0.456140 0.480000 0.5882353 0.536585
Prevalence            0.08567  0.02668   0.7713  0.09615 0.010178 0.002866 0.0016798 0.005435
Detection Rate        0.03933  0.01038   0.7189  0.05010 0.003854 0.001186 0.0009881 0.002174
Detection Prevalence  0.06117  0.01937   0.8211  0.08518 0.006719 0.002075 0.0016798 0.002668
Balanced Accuracy     0.71759  0.68983   0.7423  0.74113 0.687873 0.706451 0.7937712 0.699752
