Confusion Matrix and Statistics

          Reference
Prediction    0    1    2    3    4    5    6
         0  139   66   14    0    3    0    0
         1  117 7392  369   41    7    8   31
         2   12  301  580    5    2    2    3
         3    0   30    4   58    0    0    1
         4    1    5    0    1   17    2    0
         5    0    7    1    1    0    4    0
         6    2   18    6    1    1    1   21

Overall Statistics
                                          
               Accuracy : 0.8854          
                 95% CI : (0.8787, 0.8918)
    No Information Rate : 0.8431          
    P-Value [Acc > NIR] : < 2.2e-16       
                                          
                  Kappa : 0.5671          
                                          
 Mcnemar's Test P-Value : NA              

Statistics by Class:

                     Class: 0 Class: 1 Class: 2 Class: 3 Class: 4  Class: 5 Class: 6
Sensitivity           0.51292   0.9454  0.59548 0.542056 0.566667 0.2352941 0.375000
Specificity           0.99078   0.6062  0.96084 0.996182 0.999026 0.9990278 0.996854
Pos Pred Value        0.62613   0.9281  0.64088 0.623656 0.653846 0.3076923 0.420000
Neg Pred Value        0.98542   0.6738  0.95292 0.994663 0.998594 0.9985963 0.996206
Precision             0.62613   0.9281  0.64088 0.623656 0.653846 0.3076923 0.420000
Recall                0.51292   0.9454  0.59548 0.542056 0.566667 0.2352941 0.375000
F1                    0.56389   0.9366  0.61735 0.580000 0.607143 0.2666667 0.396226
Prevalence            0.02922   0.8431  0.10502 0.011538 0.003235 0.0018331 0.006038
Detection Rate        0.01499   0.7971  0.06254 0.006254 0.001833 0.0004313 0.002264
Detection Prevalence  0.02394   0.8589  0.09758 0.010028 0.002804 0.0014018 0.005391
Balanced Accuracy     0.75185   0.7758  0.77816 0.769119 0.782847 0.6171609 0.685927
