Confusion Matrix and Statistics

          Reference
Prediction    0    1    2    3    4    5    6    7
         0  368   10  135   37    4    1    0    4
         1    8   88   31    5    0    0    0    0
         2  455  153 7474  467   57   17    7   29
         3   33   14  144  462    7    1    3    2
         4    2    0    8    0   35    0    0    0
         5    0    0    5    0    0   10    0    1
         6    0    1    4    1    0    0    7    0
         7    1    4    5    1    0    0    0   19

Overall Statistics
                                          
               Accuracy : 0.8363          
                 95% CI : (0.8289, 0.8434)
    No Information Rate : 0.7713          
    P-Value [Acc > NIR] : < 2.2e-16       
                                          
                  Kappa : 0.5016          
                                          
 Mcnemar's Test P-Value : NA              

Statistics by Class:

                     Class: 0 Class: 1 Class: 2 Class: 3 Class: 4  Class: 5  Class: 6 Class: 7
Sensitivity           0.42445 0.325926   0.9575  0.47482 0.339806 0.3448276 0.4117647 0.345455
Specificity           0.97936 0.995533   0.4879  0.97770 0.999002 0.9994054 0.9994061 0.998907
Pos Pred Value        0.65832 0.666667   0.8631  0.69369 0.777778 0.6250000 0.5384615 0.633333
Neg Pred Value        0.94781 0.981778   0.7728  0.94595 0.993251 0.9981196 0.9990106 0.996432
Precision             0.65832 0.666667   0.8631  0.69369 0.777778 0.6250000 0.5384615 0.633333
Recall                0.42445 0.325926   0.9575  0.47482 0.339806 0.3448276 0.4117647 0.345455
F1                    0.51613 0.437811   0.9079  0.56376 0.472973 0.4444444 0.4666667 0.447059
Prevalence            0.08567 0.026680   0.7713  0.09615 0.010178 0.0028656 0.0016798 0.005435
Detection Rate        0.03636 0.008696   0.7385  0.04565 0.003458 0.0009881 0.0006917 0.001877
Detection Prevalence  0.05524 0.013043   0.8556  0.06581 0.004447 0.0015810 0.0012846 0.002964
Balanced Accuracy     0.70191 0.660729   0.7227  0.72626 0.669404 0.6721165 0.7055854 0.672181
