Confusion Matrix and Statistics

          Reference
Prediction    0    1    2    3    4    5    6    7
         0  496   20  150   33    6    2    0    4
         1    6  114   43    9    2    0    0    0
         2  315  119 7392  364   47   17    8   29
         3   45   14  198  560    7    2    1    7
         4    6    2   19    4   44    0    0    1
         5    0    0    6    0    0    8    0    0
         6    0    1    6    1    0    0    8    0
         7    1    1    5    3    1    1    0   15

Overall Statistics
                                          
               Accuracy : 0.8515          
                 95% CI : (0.8445, 0.8584)
    No Information Rate : 0.7709          
    P-Value [Acc > NIR] : < 2.2e-16       
                                          
                  Kappa : 0.5822          
                                          
 Mcnemar's Test P-Value : NA              

Statistics by Class:

                     Class: 0 Class: 1 Class: 2 Class: 3 Class: 4  Class: 5  Class: 6 Class: 7
Sensitivity           0.57077  0.42066   0.9454  0.57495 0.411215 0.2666667 0.4705882 0.267857
Specificity           0.97682  0.99392   0.6132  0.97012 0.996811 0.9994067 0.9992100 0.998810
Pos Pred Value        0.69761  0.65517   0.8916  0.67146 0.578947 0.5714286 0.5000000 0.555556
Neg Pred Value        0.96045  0.98425   0.7694  0.95553 0.993742 0.9978280 0.9991113 0.995947
Precision             0.69761  0.65517   0.8916  0.67146 0.578947 0.5714286 0.5000000 0.555556
Recall                0.57077  0.42066   0.9454  0.57495 0.411215 0.2666667 0.4705882 0.267857
F1                    0.62785  0.51236   0.9177  0.61947 0.480874 0.3636364 0.4848485 0.361446
Prevalence            0.08567  0.02672   0.7709  0.09603 0.010549 0.0029577 0.0016760 0.005521
Detection Rate        0.04890  0.01124   0.7288  0.05521 0.004338 0.0007887 0.0007887 0.001479
Detection Prevalence  0.07010  0.01715   0.8174  0.08222 0.007493 0.0013803 0.0015774 0.002662
Balanced Accuracy     0.77379  0.70729   0.7793  0.77253 0.704013 0.6330367 0.7348991 0.633334
