Confusion Matrix and Statistics

          Reference
Prediction    0    1    2    3    4    5    6
         0  130   71    8    0    2    0    0
         1  118 7434  375   46    6   10   23
         2   21  264  582    9    1    0    6
         3    0   26    1   48    0    0    0
         4    0    5    3    1   20    2    1
         5    0    7    1    0    0    4    0
         6    2   12    4    3    1    1   26

Overall Statistics
                                          
               Accuracy : 0.8889          
                 95% CI : (0.8824, 0.8953)
    No Information Rate : 0.8431          
    P-Value [Acc > NIR] : < 2.2e-16       
                                          
                  Kappa : 0.5742          
                                          
 Mcnemar's Test P-Value : NA              

Statistics by Class:

                     Class: 0 Class: 1 Class: 2 Class: 3 Class: 4  Class: 5 Class: 6
Sensitivity           0.47970   0.9508  0.59754 0.448598 0.666667 0.2352941 0.464286
Specificity           0.99100   0.6027  0.96373 0.997055 0.998702 0.9991358 0.997505
Pos Pred Value        0.61611   0.9279  0.65912 0.640000 0.625000 0.3333333 0.530612
Neg Pred Value        0.98444   0.6949  0.95328 0.993586 0.998918 0.9985964 0.996748
Precision             0.61611   0.9279  0.65912 0.640000 0.625000 0.3333333 0.530612
Recall                0.47970   0.9508  0.59754 0.448598 0.666667 0.2352941 0.464286
F1                    0.53942   0.9392  0.62682 0.527473 0.645161 0.2758621 0.495238
Prevalence            0.02922   0.8431  0.10502 0.011538 0.003235 0.0018331 0.006038
Detection Rate        0.01402   0.8016  0.06276 0.005176 0.002157 0.0004313 0.002804
Detection Prevalence  0.02275   0.8639  0.09521 0.008087 0.003451 0.0012939 0.005284
Balanced Accuracy     0.73535   0.7768  0.78064 0.722826 0.832684 0.6172150 0.730895
