Confusion Matrix and Statistics

          Reference
Prediction    0    1    2    3    4    5    6
         0  122   43   13    2    0    0    2
         1  132 7550  459   49   14    9   25
         2   12  194  496    5    2    1    4
         3    0   16    3   50    0    0    1
         4    1    2    1    1   14    2    0
         5    0    4    0    0    0    4    0
         6    4   10    2    0    0    1   24

Overall Statistics
                                          
               Accuracy : 0.8907          
                 95% CI : (0.8841, 0.8969)
    No Information Rate : 0.8431          
    P-Value [Acc > NIR] : < 2.2e-16       
                                          
                  Kappa : 0.5487          
                                          
 Mcnemar's Test P-Value : NA              

Statistics by Class:

                     Class: 0 Class: 1 Class: 2 Class: 3 Class: 4  Class: 5 Class: 6
Sensitivity           0.45018   0.9656  0.50924 0.467290 0.466667 0.2352941 0.428571
Specificity           0.99334   0.5271  0.97373 0.997818 0.999243 0.9995679 0.998156
Pos Pred Value        0.67033   0.9165  0.69468 0.714286 0.666667 0.5000000 0.585366
Neg Pred Value        0.98361   0.7403  0.94416 0.993807 0.998271 0.9985970 0.996534
Precision             0.67033   0.9165  0.69468 0.714286 0.666667 0.5000000 0.585366
Recall                0.45018   0.9656  0.50924 0.467290 0.466667 0.2352941 0.428571
F1                    0.53863   0.9404  0.58768 0.564972 0.549020 0.3200000 0.494845
Prevalence            0.02922   0.8431  0.10502 0.011538 0.003235 0.0018331 0.006038
Detection Rate        0.01316   0.8141  0.05348 0.005391 0.001510 0.0004313 0.002588
Detection Prevalence  0.01962   0.8883  0.07699 0.007548 0.002264 0.0008626 0.004421
Balanced Accuracy     0.72176   0.7464  0.74149 0.732554 0.732955 0.6174310 0.713364
