Confusion Matrix and Statistics

          Reference
Prediction    0    1    2    3    4    5    6    7
         0  159    5   24   13    2    0    0    0
         1    1   30    7    1    0    0    0    0
         2  698  232 7722  782   86   23   16   41
         3    8    3   46  176    0    1    1    1
         4    0    0    1    0   15    0    0    0
         5    0    0    3    0    0    5    0    0
         6    0    0    0    0    0    0    0    0
         7    1    0    3    1    0    0    0   13

Overall Statistics
                                          
               Accuracy : 0.8024          
                 95% CI : (0.7945, 0.8101)
    No Information Rate : 0.7713          
    P-Value [Acc > NIR] : 2.265e-14       
                                          
                  Kappa : 0.252           
                                          
 Mcnemar's Test P-Value : NA              

Statistics by Class:

                     Class: 0 Class: 1 Class: 2 Class: 3 Class: 4  Class: 5 Class: 6 Class: 7
Sensitivity           0.18339 0.111111   0.9892  0.18088 0.145631 0.1724138  0.00000 0.236364
Specificity           0.99524 0.999086   0.1884  0.99344 0.999900 0.9997027  1.00000 0.999503
Pos Pred Value        0.78325 0.769231   0.8044  0.74576 0.937500 0.6250000      NaN 0.722222
Neg Pred Value        0.92861 0.976193   0.8385  0.91936 0.991291 0.9976266  0.99832 0.995842
Precision             0.78325 0.769231   0.8044  0.74576 0.937500 0.6250000       NA 0.722222
Recall                0.18339 0.111111   0.9892  0.18088 0.145631 0.1724138  0.00000 0.236364
F1                    0.29720 0.194175   0.8873  0.29115 0.252101 0.2702703       NA 0.356164
Prevalence            0.08567 0.026680   0.7713  0.09615 0.010178 0.0028656  0.00168 0.005435
Detection Rate        0.01571 0.002964   0.7630  0.01739 0.001482 0.0004941  0.00000 0.001285
Detection Prevalence  0.02006 0.003854   0.9486  0.02332 0.001581 0.0007905  0.00000 0.001779
Balanced Accuracy     0.58932 0.555099   0.5888  0.58716 0.572766 0.5860582  0.50000 0.617933
