Confusion Matrix and Statistics

          Reference
Prediction    0    1    2    3    4    5    6    7
         0  523   19  195   34    6    2    0    3
         1    6  126   53    8    1    0    0    0
         2  296  107 7307  329   40   11    7   18
         3   34   14  222  596    6    3    1    5
         4    5    2   22    4   50    0    0    0
         5    0    0    4    0    0   13    1    0
         6    1    0    1    1    0    0    8    0
         7    2    2    3    1    0    0    0   29

Overall Statistics
                                          
               Accuracy : 0.8549          
                 95% CI : (0.8478, 0.8617)
    No Information Rate : 0.7714          
    P-Value [Acc > NIR] : < 2.2e-16       
                                          
                  Kappa : 0.6033          
                                          
 Mcnemar's Test P-Value : NA              

Statistics by Class:

                     Class: 0 Class: 1 Class: 2 Class: 3 Class: 4 Class: 5  Class: 6 Class: 7
Sensitivity           0.60323  0.46667   0.9360  0.61254 0.485437 0.448276 0.4705882 0.527273
Specificity           0.97201  0.99310   0.6508  0.96885 0.996706 0.999505 0.9997031 0.999205
Pos Pred Value        0.66880  0.64948   0.9004  0.67650 0.602410 0.722222 0.7272727 0.783784
Neg Pred Value        0.96317  0.98549   0.7507  0.95920 0.994720 0.998416 0.9991098 0.997422
Precision             0.66880  0.64948   0.9004  0.67650 0.602410 0.722222 0.7272727 0.783784
Recall                0.60323  0.46667   0.9360  0.61254 0.485437 0.448276 0.4705882 0.527273
F1                    0.63432  0.54310   0.9178  0.64293 0.537634 0.553191 0.5714286 0.630435
Prevalence            0.08566  0.02668   0.7714  0.09614 0.010177 0.002865 0.0016797 0.005434
Detection Rate        0.05167  0.01245   0.7220  0.05889 0.004940 0.001284 0.0007904 0.002865
Detection Prevalence  0.07727  0.01917   0.8018  0.08705 0.008201 0.001778 0.0010868 0.003656
Balanced Accuracy     0.78762  0.72988   0.7934  0.79069 0.741071 0.723890 0.7351457 0.763239
