Confusion Matrix and Statistics

          Reference
Prediction    0    1    2    3    4    5    6
         0    8    2    1    0    0    0    0
         1  259 7781  856   90   23   16   51
         2    1   31  116    0    0    0    3
         3    3    5    0   16    0    0    0
         4    0    0    1    1    7    0    0
         5    0    0    0    0    0    1    0
         6    0    0    0    0    0    0    2

Overall Statistics
                                          
               Accuracy : 0.8552          
                 95% CI : (0.8479, 0.8623)
    No Information Rate : 0.8431          
    P-Value [Acc > NIR] : 0.0006535       
                                          
                  Kappa : 0.1635          
                                          
 Mcnemar's Test P-Value : NA              

Statistics by Class:

                      Class: 0 Class: 1 Class: 2 Class: 3  Class: 4  Class: 5  Class: 6
Sensitivity          0.0295203   0.9951  0.11910 0.149533 0.2333333 0.0588235 0.0357143
Specificity          0.9996668   0.1100  0.99578 0.999127 0.9997836 1.0000000 1.0000000
Pos Pred Value       0.7272727   0.8573  0.76821 0.666667 0.7777778 1.0000000 1.0000000
Neg Pred Value       0.9716075   0.8081  0.90595 0.990162 0.9975175 0.9982746 0.9941760
Precision            0.7272727   0.8573  0.76821 0.666667 0.7777778 1.0000000 1.0000000
Recall               0.0295203   0.9951  0.11910 0.149533 0.2333333 0.0588235 0.0357143
F1                   0.0567376   0.9211  0.20622 0.244275 0.3589744 0.1111111 0.0689655
Prevalence           0.0292215   0.8431  0.10502 0.011538 0.0032349 0.0018331 0.0060384
Detection Rate       0.0008626   0.8390  0.01251 0.001725 0.0007548 0.0001078 0.0002157
Detection Prevalence 0.0011861   0.9786  0.01628 0.002588 0.0009705 0.0001078 0.0002157
Balanced Accuracy    0.5145935   0.5526  0.55744 0.574330 0.6165585 0.5294118 0.5178571
