Confusion Matrix and Statistics

          Reference
Prediction    0    1    2    3    4    5    6    7
         0  168    5   68   29    3    1    0    3
         1    3   38   22    4    0    0    0    1
         2  664  213 7564  666   78   27   12   31
         3   30   14  143  270    6    0    5    5
         4    0    0    3    3   16    0    0    0
         5    0    0    1    0    0    1    0    0
         6    0    0    0    0    0    0    0    0
         7    2    0    5    1    0    0    0   15

Overall Statistics
                                          
               Accuracy : 0.7976          
                 95% CI : (0.7897, 0.8054)
    No Information Rate : 0.7713          
    P-Value [Acc > NIR] : 9.337e-11       
                                          
                  Kappa : 0.2962          
                                          
 Mcnemar's Test P-Value : NA              

Statistics by Class:

                     Class: 0 Class: 1 Class: 2 Class: 3 Class: 4  Class: 5 Class: 6 Class: 7
Sensitivity           0.19377 0.140741   0.9690  0.27749 0.155340 3.448e-02  0.00000 0.272727
Specificity           0.98822 0.996954   0.2692  0.97781 0.999401 9.999e-01  1.00000 0.999205
Pos Pred Value        0.60650 0.558824   0.8173  0.57082 0.727273 5.000e-01      NaN 0.652174
Neg Pred Value        0.92899 0.976920   0.7202  0.92713 0.991384 9.972e-01  0.99832 0.996038
Precision             0.60650 0.558824   0.8173  0.57082 0.727273 5.000e-01       NA 0.652174
Recall                0.19377 0.140741   0.9690  0.27749 0.155340 3.448e-02  0.00000 0.272727
F1                    0.29371 0.224852   0.8867  0.37344 0.256000 6.452e-02       NA 0.384615
Prevalence            0.08567 0.026680   0.7713  0.09615 0.010178 2.866e-03  0.00168 0.005435
Detection Rate        0.01660 0.003755   0.7474  0.02668 0.001581 9.881e-05  0.00000 0.001482
Detection Prevalence  0.02737 0.006719   0.9145  0.04674 0.002174 1.976e-04  0.00000 0.002273
Balanced Accuracy     0.59100 0.568848   0.6191  0.62765 0.577370 5.172e-01  0.50000 0.635966
