Confusion Matrix and Statistics

          Reference
Prediction    0    1    2    3    4    5    6
         0  121   45   10    0    1    0    1
         1  130 7465  401   45   12   11   25
         2   16  263  556    5    1    0    5
         3    1   23    3   55    0    0    1
         4    0    4    0    2   16    2    0
         5    0    4    1    0    0    4    0
         6    3   15    3    0    0    0   24

Overall Statistics
                                         
               Accuracy : 0.8886         
                 95% CI : (0.882, 0.8949)
    No Information Rate : 0.8431         
    P-Value [Acc > NIR] : < 2.2e-16      
                                         
                  Kappa : 0.562          
                                         
 Mcnemar's Test P-Value : NA             

Statistics by Class:

                     Class: 0 Class: 1 Class: 2 Class: 3 Class: 4  Class: 5 Class: 6
Sensitivity           0.44649   0.9547  0.57084 0.514019 0.533333 0.2352941 0.428571
Specificity           0.99367   0.5711  0.96506 0.996946 0.999135 0.9994599 0.997722
Pos Pred Value        0.67978   0.9229  0.65721 0.662651 0.666667 0.4444444 0.533333
Neg Pred Value        0.98351   0.7013  0.95040 0.994342 0.998486 0.9985969 0.996533
Precision             0.67978   0.9229  0.65721 0.662651 0.666667 0.4444444 0.533333
Recall                0.44649   0.9547  0.57084 0.514019 0.533333 0.2352941 0.428571
F1                    0.53898   0.9385  0.61099 0.578947 0.592593 0.3076923 0.475248
Prevalence            0.02922   0.8431  0.10502 0.011538 0.003235 0.0018331 0.006038
Detection Rate        0.01305   0.8049  0.05995 0.005931 0.001725 0.0004313 0.002588
Detection Prevalence  0.01919   0.8722  0.09122 0.008950 0.002588 0.0009705 0.004852
Balanced Accuracy     0.72008   0.7629  0.76795 0.755482 0.766234 0.6173770 0.713147
