Confusion Matrix and Statistics

          Reference
Prediction    0    1    2    3    4    5    6
         0   21    9    0    0    0    0    1
         1  250 7797  918  100   28   17   53
         2    0    7   56    1    0    0    1
         3    0    1    0    6    0    0    0
         4    0    1    0    0    2    0    0
         5    0    3    0    0    0    0    0
         6    0    1    0    0    0    0    1

Overall Statistics
                                          
               Accuracy : 0.85            
                 95% CI : (0.8426, 0.8572)
    No Information Rate : 0.8431          
    P-Value [Acc > NIR] : 0.03433         
                                          
                  Kappa : 0.0972          
                                          
 Mcnemar's Test P-Value : NA              

Statistics by Class:

                     Class: 0 Class: 1 Class: 2  Class: 3  Class: 4  Class: 5  Class: 6
Sensitivity          0.077491  0.99719 0.057495 0.0560748 0.0666667 0.0000000 0.0178571
Specificity          0.998889  0.06117 0.998916 0.9998909 0.9998918 0.9996759 0.9998915
Pos Pred Value       0.677419  0.85092 0.861538 0.8571429 0.6666667 0.0000000 0.5000000
Neg Pred Value       0.972953  0.80180 0.900315 0.9891011 0.9969798 0.9981663 0.9940682
Precision            0.677419  0.85092 0.861538 0.8571429 0.6666667 0.0000000 0.5000000
Recall               0.077491  0.99719 0.057495 0.0560748 0.0666667 0.0000000 0.0178571
F1                   0.139073  0.91827 0.107796 0.1052632 0.1212121       NaN 0.0344828
Prevalence           0.029221  0.84311 0.105025 0.0115376 0.0032349 0.0018331 0.0060384
Detection Rate       0.002264  0.84074 0.006038 0.0006470 0.0002157 0.0000000 0.0001078
Detection Prevalence 0.003343  0.98803 0.007009 0.0007548 0.0003235 0.0003235 0.0002157
Balanced Accuracy    0.538190  0.52918 0.528205 0.5279828 0.5332792 0.4998380 0.5088743
