Confusion Matrix and Statistics

          Reference
Prediction    0    1    2    3    4    5    6    7
         0  317   11  125   25    4    1    0    3
         1    5   70   40    8    0    0    1    2
         2  522  176 7505  608   69   16    4   26
         3   22   13  113  324    6    3    1    3
         4    0    0    6    5   23    0    0    0
         5    0    0    8    0    0    9    1    2
         6    0    0    6    0    0    0   10    0
         7    1    0    3    3    1    0    0   19

Overall Statistics
                                          
               Accuracy : 0.8179          
                 95% CI : (0.8102, 0.8254)
    No Information Rate : 0.7713          
    P-Value [Acc > NIR] : < 2.2e-16       
                                          
                  Kappa : 0.4136          
                                          
 Mcnemar's Test P-Value : NA              

Statistics by Class:

                     Class: 0 Class: 1 Class: 2 Class: 3 Class: 4  Class: 5  Class: 6 Class: 7
Sensitivity           0.36563 0.259259   0.9614  0.33299 0.223301 0.3103448 0.5882353 0.345455
Specificity           0.98174 0.994315   0.3859  0.98240 0.998902 0.9989099 0.9994061 0.999205
Pos Pred Value        0.65226 0.555556   0.8408  0.66804 0.676471 0.4500000 0.6250000 0.703704
Neg Pred Value        0.94291 0.979988   0.7479  0.93264 0.992068 0.9980198 0.9993072 0.996433
Precision             0.65226 0.555556   0.8408  0.66804 0.676471 0.4500000 0.6250000 0.703704
Recall                0.36563 0.259259   0.9614  0.33299 0.223301 0.3103448 0.5882353 0.345455
F1                    0.46859 0.353535   0.8971  0.44444 0.335766 0.3673469 0.6060606 0.463415
Prevalence            0.08567 0.026680   0.7713  0.09615 0.010178 0.0028656 0.0016798 0.005435
Detection Rate        0.03132 0.006917   0.7416  0.03202 0.002273 0.0008893 0.0009881 0.001877
Detection Prevalence  0.04802 0.012451   0.8820  0.04792 0.003360 0.0019763 0.0015810 0.002668
Balanced Accuracy     0.67368 0.626787   0.6737  0.65769 0.611101 0.6546274 0.7938207 0.672330
