Confusion Matrix and Statistics

          Reference
Prediction    0    1    2    3    4    5    6    7
         0  256    6   76   17    2    2    0    0
         1    3   45   16    2    0    0    0    0
         2  586  214 7606  696   72   16    9   36
         3   20    5   82  256    3    1    1    1
         4    1    0    8    0   26    0    0    0
         5    0    0    7    0    0   10    0    0
         6    0    0    5    1    0    0    7    0
         7    1    0    6    1    0    0    0   18

Overall Statistics
                                          
               Accuracy : 0.8126          
                 95% CI : (0.8049, 0.8202)
    No Information Rate : 0.7713          
    P-Value [Acc > NIR] : < 2.2e-16       
                                          
                  Kappa : 0.3525          
                                          
 Mcnemar's Test P-Value : NA              

Statistics by Class:

                     Class: 0 Class: 1 Class: 2 Class: 3 Class: 4  Class: 5  Class: 6 Class: 7
Sensitivity           0.29527 0.166667   0.9744  0.26310 0.252427 0.3448276 0.4117647 0.327273
Specificity           0.98887 0.997868   0.2960  0.98765 0.999102 0.9993063 0.9994061 0.999205
Pos Pred Value        0.71309 0.681818   0.8236  0.69377 0.742857 0.5882353 0.5384615 0.692308
Neg Pred Value        0.93740 0.977621   0.7740  0.92647 0.992365 0.9981194 0.9990106 0.996334
Precision             0.71309 0.681818   0.8236  0.69377 0.742857 0.5882353 0.5384615 0.692308
Recall                0.29527 0.166667   0.9744  0.26310 0.252427 0.3448276 0.4117647 0.327273
F1                    0.41762 0.267857   0.8927  0.38152 0.376812 0.4347826 0.4666667 0.444444
Prevalence            0.08567 0.026680   0.7713  0.09615 0.010178 0.0028656 0.0016798 0.005435
Detection Rate        0.02530 0.004447   0.7516  0.02530 0.002569 0.0009881 0.0006917 0.001779
Detection Prevalence  0.03547 0.006522   0.9125  0.03646 0.003458 0.0016798 0.0012846 0.002569
Balanced Accuracy     0.64207 0.582267   0.6352  0.62538 0.625764 0.6720669 0.7055854 0.663239
