Confusion Matrix and Statistics

          Reference
Prediction    0    1    2    3    4    5    6    7
         0  352    6  125   37    4    1    0    2
         1    8   94   35    7    0    1    0    1
         2  468  160 7453  533   52   12    5   26
         3   33    9  145  392    5    0    1    2
         4    2    1   23    1   42    0    0    2
         5    3    0   10    0    0   15    0    1
         6    0    0    8    1    0    0   10    0
         7    1    0    7    2    0    0    1   21

Overall Statistics
                                          
               Accuracy : 0.828           
                 95% CI : (0.8205, 0.8353)
    No Information Rate : 0.7713          
    P-Value [Acc > NIR] : < 2.2e-16       
                                          
                  Kappa : 0.4718          
                                          
 Mcnemar's Test P-Value : NA              

Statistics by Class:

                     Class: 0 Class: 1 Class: 2 Class: 3 Class: 4 Class: 5  Class: 6 Class: 7
Sensitivity           0.40600 0.348148   0.9548  0.40288 0.407767 0.517241 0.5882353 0.381818
Specificity           0.98109 0.994721   0.4572  0.97868 0.997105 0.998613 0.9991092 0.998907
Pos Pred Value        0.66793 0.643836   0.8558  0.66780 0.591549 0.517241 0.5263158 0.656250
Neg Pred Value        0.94632 0.982354   0.7498  0.93905 0.993930 0.998613 0.9993070 0.996630
Precision             0.66793 0.643836   0.8558  0.66780 0.591549 0.517241 0.5263158 0.656250
Recall                0.40600 0.348148   0.9548  0.40288 0.407767 0.517241 0.5882353 0.381818
F1                    0.50502 0.451923   0.9026  0.50256 0.482759 0.517241 0.5555556 0.482759
Prevalence            0.08567 0.026680   0.7713  0.09615 0.010178 0.002866 0.0016798 0.005435
Detection Rate        0.03478 0.009289   0.7365  0.03874 0.004150 0.001482 0.0009881 0.002075
Detection Prevalence  0.05208 0.014427   0.8606  0.05800 0.007016 0.002866 0.0018775 0.003162
Balanced Accuracy     0.69354 0.671434   0.7060  0.69078 0.702436 0.757927 0.7936722 0.690363
