Confusion Matrix and Statistics

          Reference
Prediction    0    1    2    3    4    5    6    7
         0  403   10  156   36    1    1    0    3
         1    7   87   63   11    1    1    0    1
         2  403  147 7343  419   52   11    5   24
         3   51   22  194  495    3    2    1    2
         4    2    0   25    5   46    0    0    0
         5    0    1    9    0    0   14    0    0
         6    0    0    6    2    0    0   11    0
         7    1    3   10    5    0    0    0   25

Overall Statistics
                                         
               Accuracy : 0.8324         
                 95% CI : (0.825, 0.8396)
    No Information Rate : 0.7713         
    P-Value [Acc > NIR] : < 2.2e-16      
                                         
                  Kappa : 0.5162         
                                         
 Mcnemar's Test P-Value : NA             

Statistics by Class:

                     Class: 0 Class: 1 Class: 2 Class: 3 Class: 4 Class: 5 Class: 6 Class: 7
Sensitivity           0.46482 0.322222   0.9407  0.50874 0.446602 0.482759 0.647059 0.454545
Specificity           0.97763 0.991472   0.5415  0.96994 0.996805 0.999009 0.999208 0.998112
Pos Pred Value        0.66066 0.508772   0.8738  0.64286 0.589744 0.583333 0.578947 0.568182
Neg Pred Value        0.95121 0.981606   0.7302  0.94888 0.994324 0.998514 0.999406 0.997023
Precision             0.66066 0.508772   0.8738  0.64286 0.589744 0.583333 0.578947 0.568182
Recall                0.46482 0.322222   0.9407  0.50874 0.446602 0.482759 0.647059 0.454545
F1                    0.54570 0.394558   0.9060  0.56799 0.508287 0.528302 0.611111 0.505051
Prevalence            0.08567 0.026680   0.7713  0.09615 0.010178 0.002866 0.001680 0.005435
Detection Rate        0.03982 0.008597   0.7256  0.04891 0.004545 0.001383 0.001087 0.002470
Detection Prevalence  0.06028 0.016897   0.8304  0.07609 0.007708 0.002372 0.001877 0.004348
Balanced Accuracy     0.72123 0.656847   0.7411  0.73934 0.721704 0.740884 0.823133 0.726329
