Confusion Matrix and Statistics

          Reference
Prediction    0    1    2    3    4    5    6    7
         0  399   22  153   36    3    3    0    3
         1   10   84   39    4    0    0    0    0
         2  421  147 7402  487   57   14    9   25
         3   35   14  177  439    3    1    1    1
         4    1    2   13    2   40    0    0    1
         5    0    0    7    0    0   11    0    2
         6    0    0    6    2    0    0    7    0
         7    1    1    9    3    0    0    0   23

Overall Statistics
                                          
               Accuracy : 0.8305          
                 95% CI : (0.8231, 0.8378)
    No Information Rate : 0.7713          
    P-Value [Acc > NIR] : < 2.2e-16       
                                          
                  Kappa : 0.4946          
                                          
 Mcnemar's Test P-Value : NA              

Statistics by Class:

                     Class: 0 Class: 1 Class: 2 Class: 3 Class: 4 Class: 5  Class: 6 Class: 7
Sensitivity           0.46021  0.31111   0.9482  0.45118 0.388350 0.379310 0.4117647 0.418182
Specificity           0.97622  0.99462   0.4987  0.97464 0.998103 0.999108 0.9992082 0.998609
Pos Pred Value        0.64459  0.61314   0.8645  0.65425 0.677966 0.550000 0.4666667 0.621622
Neg Pred Value        0.95074  0.98137   0.7407  0.94349 0.993738 0.998218 0.9990104 0.996826
Precision             0.64459  0.61314   0.8645  0.65425 0.677966 0.550000 0.4666667 0.621622
Recall                0.46021  0.31111   0.9482  0.45118 0.388350 0.379310 0.4117647 0.418182
F1                    0.53701  0.41278   0.9044  0.53406 0.493827 0.448980 0.4375000 0.500000
Prevalence            0.08567  0.02668   0.7713  0.09615 0.010178 0.002866 0.0016798 0.005435
Detection Rate        0.03943  0.00830   0.7314  0.04338 0.003953 0.001087 0.0006917 0.002273
Detection Prevalence  0.06117  0.01354   0.8460  0.06630 0.005830 0.001976 0.0014822 0.003656
Balanced Accuracy     0.71822  0.65287   0.7235  0.71291 0.693226 0.689209 0.7054864 0.708395
