Confusion Matrix and Statistics

          Reference
Prediction    0    1    2    3    4    5    6
         0   75   63   10    1    1    1    2
         1  179 7516  602   58   15    9   28
         2   15  190  347   13    1    3    5
         3    0   20   10   35    0    0    0
         4    1    3    3    0   12    0    0
         5    0    3    1    0    0    4    0
         6    1   24    1    0    1    0   21

Overall Statistics
                                          
               Accuracy : 0.8637          
                 95% CI : (0.8566, 0.8706)
    No Information Rate : 0.8431          
    P-Value [Acc > NIR] : 1.526e-08       
                                          
                  Kappa : 0.4038          
                                          
 Mcnemar's Test P-Value : NA              

Statistics by Class:

                     Class: 0 Class: 1 Class: 2 Class: 3 Class: 4  Class: 5 Class: 6
Sensitivity          0.276753   0.9612  0.35626 0.327103 0.400000 0.2352941 0.375000
Specificity          0.991336   0.3876  0.97265 0.996727 0.999243 0.9995679 0.997071
Pos Pred Value       0.490196   0.8940  0.60453 0.538462 0.631579 0.5000000 0.437500
Neg Pred Value       0.978511   0.6505  0.92793 0.992182 0.998055 0.9985970 0.996206
Precision            0.490196   0.8940  0.60453 0.538462 0.631579 0.5000000 0.437500
Recall               0.276753   0.9612  0.35626 0.327103 0.400000 0.2352941 0.375000
F1                   0.353774   0.9264  0.44832 0.406977 0.489796 0.3200000 0.403846
Prevalence           0.029221   0.8431  0.10502 0.011538 0.003235 0.0018331 0.006038
Detection Rate       0.008087   0.8104  0.03742 0.003774 0.001294 0.0004313 0.002264
Detection Prevalence 0.016498   0.9065  0.06189 0.007009 0.002049 0.0008626 0.005176
Balanced Accuracy    0.634044   0.6744  0.66446 0.661915 0.699621 0.6174310 0.686035
