Confusion Matrix and Statistics

          Reference
Prediction    0    1    2    3    4    5    6    7
         0  169    3   45   14    2    0    0    0
         1    1   46   14    1    0    0    0    0
         2  687  216 7679  768   84   20   11   37
         3    8    5   54  188    3    0    0    3
         4    0    0    3    1   14    0    0    0
         5    1    0    4    0    0    9    0    2
         6    0    0    4    0    0    0    6    0
         7    1    0    3    1    0    0    0   13

Overall Statistics
                                          
               Accuracy : 0.8028          
                 95% CI : (0.7949, 0.8105)
    No Information Rate : 0.7713          
    P-Value [Acc > NIR] : 1.062e-14       
                                          
                  Kappa : 0.2725          
                                          
 Mcnemar's Test P-Value : NA              

Statistics by Class:

                     Class: 0 Class: 1 Class: 2 Class: 3 Class: 4  Class: 5  Class: 6 Class: 7
Sensitivity           0.19493 0.170370   0.9837  0.19322 0.135922 0.3103448 0.3529412 0.236364
Specificity           0.99308 0.998376   0.2122  0.99202 0.999601 0.9993063 0.9996041 0.999503
Pos Pred Value        0.72532 0.741935   0.8081  0.72031 0.777778 0.5625000 0.6000000 0.722222
Neg Pred Value        0.92940 0.977729   0.7945  0.92038 0.991190 0.9980206 0.9989120 0.995842
Precision             0.72532 0.741935   0.8081  0.72031 0.777778 0.5625000 0.6000000 0.722222
Recall                0.19493 0.170370   0.9837  0.19322 0.135922 0.3103448 0.3529412 0.236364
F1                    0.30727 0.277108   0.8873  0.30470 0.231405 0.4000000 0.4444444 0.356164
Prevalence            0.08567 0.026680   0.7713  0.09615 0.010178 0.0028656 0.0016798 0.005435
Detection Rate        0.01670 0.004545   0.7588  0.01858 0.001383 0.0008893 0.0005929 0.001285
Detection Prevalence  0.02302 0.006126   0.9389  0.02579 0.001779 0.0015810 0.0009881 0.001779
Balanced Accuracy     0.59400 0.584373   0.5980  0.59262 0.567762 0.6548256 0.6762726 0.617933
