Confusion Matrix and Statistics

          Reference
Prediction    0    1    2    3    4    5    6    7
         0  368    7  126   40    0    2    0    2
         1   10   90   57   14    1    1    1    1
         2  446  155 7440  521   60   17    6   27
         3   37   15  145  392    2    1    1    3
         4    3    1   22    3   40    0    0    1
         5    1    1    3    1    0    8    0    0
         6    0    1    7    0    0    0    8    0
         7    2    0    6    2    0    0    1   21

Overall Statistics
                                          
               Accuracy : 0.8268          
                 95% CI : (0.8193, 0.8341)
    No Information Rate : 0.7713          
    P-Value [Acc > NIR] : < 2.2e-16       
                                          
                  Kappa : 0.4722          
                                          
 Mcnemar's Test P-Value : NA              

Statistics by Class:

                     Class: 0 Class: 1 Class: 2 Class: 3 Class: 4  Class: 5  Class: 6 Class: 7
Sensitivity           0.42445 0.333333   0.9531  0.40288 0.388350 0.2758621 0.4705882 0.381818
Specificity           0.98087 0.991371   0.4676  0.97770 0.997005 0.9994054 0.9992082 0.998907
Pos Pred Value        0.67523 0.514286   0.8579  0.65772 0.571429 0.5714286 0.5000000 0.656250
Neg Pred Value        0.94789 0.981900   0.7472  0.93900 0.993731 0.9979220 0.9991093 0.996630
Precision             0.67523 0.514286   0.8579  0.65772 0.571429 0.5714286 0.5000000 0.656250
Recall                0.42445 0.333333   0.9531  0.40288 0.388350 0.2758621 0.4705882 0.381818
F1                    0.52125 0.404494   0.9030  0.49968 0.462428 0.3720930 0.4848485 0.482759
Prevalence            0.08567 0.026680   0.7713  0.09615 0.010178 0.0028656 0.0016798 0.005435
Detection Rate        0.03636 0.008893   0.7352  0.03874 0.003953 0.0007905 0.0007905 0.002075
Detection Prevalence  0.05385 0.017292   0.8569  0.05889 0.006917 0.0013834 0.0015810 0.003162
Balanced Accuracy     0.70266 0.662352   0.7104  0.69029 0.692677 0.6376337 0.7348982 0.690363
