Confusion Matrix and Statistics

          Reference
Prediction    0    1    2    3    4    5    6
         0  116   64   14    0    0    0    1
         1  134 7424  467   50   15    8   26
         2   14  281  479    7    3    3    6
         3    3   31    9   48    1    0    0
         4    0    8    1    1   11    1    0
         5    1    7    1    0    0    5    1
         6    3    4    3    1    0    0   22

Overall Statistics
                                         
               Accuracy : 0.8739         
                 95% CI : (0.867, 0.8806)
    No Information Rate : 0.8431         
    P-Value [Acc > NIR] : < 2.2e-16      
                                         
                  Kappa : 0.4992         
                                         
 Mcnemar's Test P-Value : NA             

Statistics by Class:

                     Class: 0 Class: 1 Class: 2 Class: 3 Class: 4  Class: 5 Class: 6
Sensitivity           0.42804   0.9495  0.49179 0.448598 0.366667 0.2941176 0.392857
Specificity           0.99123   0.5189  0.96217 0.995200 0.998810 0.9989197 0.998807
Pos Pred Value        0.59487   0.9138  0.60404 0.521739 0.500000 0.3333333 0.666667
Neg Pred Value        0.98293   0.6565  0.94163 0.993574 0.997946 0.9987040 0.996321
Precision             0.59487   0.9138  0.60404 0.521739 0.500000 0.3333333 0.666667
Recall                0.42804   0.9495  0.49179 0.448598 0.366667 0.2941176 0.392857
F1                    0.49785   0.9313  0.54216 0.482412 0.423077 0.3125000 0.494382
Prevalence            0.02922   0.8431  0.10502 0.011538 0.003235 0.0018331 0.006038
Detection Rate        0.01251   0.8005  0.05165 0.005176 0.001186 0.0005391 0.002372
Detection Prevalence  0.02103   0.8760  0.08551 0.009920 0.002372 0.0016174 0.003558
Balanced Accuracy     0.70963   0.7342  0.72698 0.721899 0.682738 0.6465187 0.695832
