Confusion Matrix and Statistics

          Reference
Prediction    0    1    2    3    4    5    6
         0  128   72   14    1    0    0    2
         1  128 7480  438   40    8    8   25
         2   11  208  508    4    2    1    4
         3    0   31    7   58    0    0    0
         4    1    5    2    2   20    2    0
         5    0    7    0    0    0    5    0
         6    3   16    5    2    0    1   25

Overall Statistics
                                          
               Accuracy : 0.8868          
                 95% CI : (0.8802, 0.8932)
    No Information Rate : 0.8431          
    P-Value [Acc > NIR] : < 2.2e-16       
                                          
                  Kappa : 0.5506          
                                          
 Mcnemar's Test P-Value : NA              

Statistics by Class:

                     Class: 0 Class: 1 Class: 2 Class: 3 Class: 4  Class: 5 Class: 6
Sensitivity           0.47232   0.9566  0.52156 0.542056 0.666667 0.2941176 0.446429
Specificity           0.99011   0.5553  0.97229 0.995855 0.998702 0.9992438 0.997071
Pos Pred Value        0.58986   0.9204  0.68835 0.604167 0.625000 0.4166667 0.480769
Neg Pred Value        0.98421   0.7044  0.94541 0.994661 0.998918 0.9987044 0.996638
Precision             0.58986   0.9204  0.68835 0.604167 0.625000 0.4166667 0.480769
Recall                0.47232   0.9566  0.52156 0.542056 0.666667 0.2941176 0.446429
F1                    0.52459   0.9382  0.59346 0.571429 0.645161 0.3448276 0.462963
Prevalence            0.02922   0.8431  0.10502 0.011538 0.003235 0.0018331 0.006038
Detection Rate        0.01380   0.8066  0.05478 0.006254 0.002157 0.0005391 0.002696
Detection Prevalence  0.02340   0.8763  0.07958 0.010352 0.003451 0.0012939 0.005607
Balanced Accuracy     0.73122   0.7560  0.74692 0.768955 0.832684 0.6466807 0.721750
