Confusion Matrix and Statistics

          Reference
Prediction    0    1    2    3    4    5    6    7
         0  376    7  124   32    4    1    0    1
         1    4   90   40    2    1    0    0    0
         2  446  159 7473  512   54   13    8   28
         3   38   13  141  421    5    2    0    1
         4    1    1   10    4   39    0    0    0
         5    1    0    8    0    0   13    0    2
         6    0    0    4    0    0    0    9    0
         7    1    0    6    2    0    0    0   23

Overall Statistics
                                         
               Accuracy : 0.8344         
                 95% CI : (0.827, 0.8416)
    No Information Rate : 0.7713         
    P-Value [Acc > NIR] : < 2.2e-16      
                                         
                  Kappa : 0.4927         
                                         
 Mcnemar's Test P-Value : NA             

Statistics by Class:

                     Class: 0 Class: 1 Class: 2 Class: 3 Class: 4 Class: 5  Class: 6 Class: 7
Sensitivity           0.43368 0.333333   0.9573  0.43268 0.378641 0.448276 0.5294118 0.418182
Specificity           0.98174 0.995228   0.4728  0.97813 0.998403 0.998910 0.9996041 0.999106
Pos Pred Value        0.68991 0.656934   0.8597  0.67794 0.709091 0.541667 0.6923077 0.718750
Neg Pred Value        0.94872 0.981969   0.7666  0.94189 0.993641 0.998415 0.9992085 0.996828
Precision             0.68991 0.656934   0.8597  0.67794 0.709091 0.541667 0.6923077 0.718750
Recall                0.43368 0.333333   0.9573  0.43268 0.378641 0.448276 0.5294118 0.418182
F1                    0.53258 0.442260   0.9059  0.52823 0.493671 0.490566 0.6000000 0.528736
Prevalence            0.08567 0.026680   0.7713  0.09615 0.010178 0.002866 0.0016798 0.005435
Detection Rate        0.03715 0.008893   0.7384  0.04160 0.003854 0.001285 0.0008893 0.002273
Detection Prevalence  0.05385 0.013538   0.8590  0.06136 0.005435 0.002372 0.0012846 0.003162
Balanced Accuracy     0.70771 0.664281   0.7151  0.70541 0.688522 0.723593 0.7645079 0.708644
