Confusion Matrix and Statistics

          Reference
Prediction    0    1    2    3    4    5    6
         0  129   73   13    2    2    1    3
         1  118 7456  429   50   11   10   29
         2   19  246  518    9    2    0    5
         3    2   27    7   44    0    0    0
         4    0    2    1    1   15    1    0
         5    1    5    1    0    0    5    0
         6    2   10    5    1    0    0   19

Overall Statistics
                                         
               Accuracy : 0.8827         
                 95% CI : (0.876, 0.8892)
    No Information Rate : 0.8431         
    P-Value [Acc > NIR] : < 2.2e-16      
                                         
                  Kappa : 0.5371         
                                         
 Mcnemar's Test P-Value : NA             

Statistics by Class:

                     Class: 0 Class: 1 Class: 2 Class: 3 Class: 4  Class: 5 Class: 6
Sensitivity           0.47601   0.9536  0.53183 0.411215 0.500000 0.2941176 0.339286
Specificity           0.98956   0.5553  0.96614 0.996073 0.999459 0.9992438 0.998047
Pos Pred Value        0.57848   0.9202  0.64831 0.550000 0.750000 0.4166667 0.513514
Neg Pred Value        0.98431   0.6900  0.94619 0.993148 0.998379 0.9987044 0.995994
Precision             0.57848   0.9202  0.64831 0.550000 0.750000 0.4166667 0.513514
Recall                0.47601   0.9536  0.53183 0.411215 0.500000 0.2941176 0.339286
F1                    0.52227   0.9366  0.58432 0.470588 0.600000 0.3448276 0.408602
Prevalence            0.02922   0.8431  0.10502 0.011538 0.003235 0.0018331 0.006038
Detection Rate        0.01391   0.8040  0.05586 0.004744 0.001617 0.0005391 0.002049
Detection Prevalence  0.02405   0.8737  0.08615 0.008626 0.002157 0.0012939 0.003990
Balanced Accuracy     0.73279   0.7545  0.74899 0.703644 0.749730 0.6466807 0.668667
