Confusion Matrix and Statistics

          Reference
Prediction    0    1    2    3    4    5    6    7
         0  377    7  137   32    2    1    0    2
         1    6   91   29    5    3    0    0    2
         2  444  162 7474  521   57   16    6   27
         3   39   10  143  409    5    1    3    3
         4    0    0    8    3   36    0    0    1
         5    0    0    6    0    0   11    0    1
         6    0    0    3    0    0    0    8    0
         7    1    0    6    3    0    0    0   19

Overall Statistics
                                          
               Accuracy : 0.8325          
                 95% CI : (0.8251, 0.8397)
    No Information Rate : 0.7713          
    P-Value [Acc > NIR] : < 2.2e-16       
                                          
                  Kappa : 0.4852          
                                          
 Mcnemar's Test P-Value : NA              

Statistics by Class:

                     Class: 0 Class: 1 Class: 2 Class: 3 Class: 4 Class: 5  Class: 6 Class: 7
Sensitivity           0.43483 0.337037   0.9575  0.42035 0.349515 0.379310 0.4705882 0.345455
Specificity           0.98044 0.995431   0.4672  0.97770 0.998802 0.999306 0.9997031 0.999006
Pos Pred Value        0.67563 0.669118   0.8584  0.66721 0.750000 0.611111 0.7272727 0.655172
Neg Pred Value        0.94876 0.982071   0.7650  0.94068 0.993348 0.998218 0.9991097 0.996432
Precision             0.67563 0.669118   0.8584  0.66721 0.750000 0.611111 0.7272727 0.655172
Recall                0.43483 0.337037   0.9575  0.42035 0.349515 0.379310 0.4705882 0.345455
F1                    0.52912 0.448276   0.9052  0.51576 0.476821 0.468085 0.5714286 0.452381
Prevalence            0.08567 0.026680   0.7713  0.09615 0.010178 0.002866 0.0016798 0.005435
Detection Rate        0.03725 0.008992   0.7385  0.04042 0.003557 0.001087 0.0007905 0.001877
Detection Prevalence  0.05514 0.013439   0.8604  0.06057 0.004743 0.001779 0.0010870 0.002866
Balanced Accuracy     0.70764 0.666234   0.7123  0.69902 0.674158 0.689308 0.7351456 0.672231
