Confusion Matrix and Statistics

          Reference
Prediction    0    1    2    3    4    5    6    7
         0  283    8   71   20    2    0    0    3
         1    5   70   22    3    0    0    0    0
         2  556  177 7557  618   60   16    7   26
         3   20   13  121  326    5    2    0    3
         4    1    1   11    3   36    0    0    0
         5    0    0    8    0    0   11    0    1
         6    0    0    9    1    0    0    9    0
         7    2    1    7    2    0    0    1   22

Overall Statistics
                                         
               Accuracy : 0.8215         
                 95% CI : (0.8139, 0.829)
    No Information Rate : 0.7713         
    P-Value [Acc > NIR] : < 2.2e-16      
                                         
                  Kappa : 0.4138         
                                         
 Mcnemar's Test P-Value : NA             

Statistics by Class:

                     Class: 0 Class: 1 Class: 2 Class: 3 Class: 4 Class: 5  Class: 6 Class: 7
Sensitivity           0.32641 0.259259   0.9681  0.33505 0.349515 0.379310 0.5294118 0.400000
Specificity           0.98876 0.996954   0.3691  0.98207 0.998403 0.999108 0.9990102 0.998708
Pos Pred Value        0.73127 0.700000   0.8381  0.66531 0.692308 0.550000 0.4736842 0.628571
Neg Pred Value        0.94000 0.980040   0.7743  0.93281 0.993345 0.998218 0.9992080 0.996728
Precision             0.73127 0.700000   0.8381  0.66531 0.692308 0.550000 0.4736842 0.628571
Recall                0.32641 0.259259   0.9681  0.33505 0.349515 0.379310 0.5294118 0.400000
F1                    0.45136 0.378378   0.8984  0.44566 0.464516 0.448980 0.5000000 0.488889
Prevalence            0.08567 0.026680   0.7713  0.09615 0.010178 0.002866 0.0016798 0.005435
Detection Rate        0.02796 0.006917   0.7467  0.03221 0.003557 0.001087 0.0008893 0.002174
Detection Prevalence  0.03824 0.009881   0.8910  0.04842 0.005138 0.001976 0.0018775 0.003458
Balanced Accuracy     0.65759 0.628107   0.6686  0.65856 0.673959 0.689209 0.7642110 0.699354
