Confusion Matrix and Statistics

          Reference
Prediction    0    1    2    3    4    5    6    7
         0  411   21  134   41    2    0    1    4
         1   11   76   39    5    1    1    0    0
         2  398  152 7424  427   60   17    9   27
         3   44   18  187  497    7    1    1    2
         4    1    1    8    1   33    0    0    0
         5    0    0    2    0    0   10    0    1
         6    0    1    8    0    0    0    5    0
         7    2    1    4    2    0    0    1   21

Overall Statistics
                                          
               Accuracy : 0.8376          
                 95% CI : (0.8303, 0.8448)
    No Information Rate : 0.7713          
    P-Value [Acc > NIR] : < 2.2e-16       
                                          
                  Kappa : 0.52            
                                          
 Mcnemar's Test P-Value : NA              

Statistics by Class:

                     Class: 0 Class: 1 Class: 2 Class: 3 Class: 4  Class: 5  Class: 6 Class: 7
Sensitivity           0.47405  0.28148   0.9511  0.51079 0.320388 0.3448276 0.2941176 0.381818
Specificity           0.97806  0.99421   0.5290  0.97158 0.998902 0.9997027 0.9991092 0.999006
Pos Pred Value        0.66938  0.57143   0.8720  0.65654 0.750000 0.7692308 0.3571429 0.677419
Neg Pred Value        0.95203  0.98057   0.7621  0.94916 0.993053 0.9981201 0.9988126 0.996630
Precision             0.66938  0.57143   0.8720  0.65654 0.750000 0.7692308 0.3571429 0.677419
Recall                0.47405  0.28148   0.9511  0.51079 0.320388 0.3448276 0.2941176 0.381818
F1                    0.55503  0.37717   0.9098  0.57457 0.448980 0.4761905 0.3225806 0.488372
Prevalence            0.08567  0.02668   0.7713  0.09615 0.010178 0.0028656 0.0016798 0.005435
Detection Rate        0.04061  0.00751   0.7336  0.04911 0.003261 0.0009881 0.0004941 0.002075
Detection Prevalence  0.06067  0.01314   0.8413  0.07480 0.004348 0.0012846 0.0013834 0.003063
Balanced Accuracy     0.72605  0.63785   0.7400  0.74118 0.659645 0.6722651 0.6466134 0.690412
