Confusion Matrix and Statistics

          Reference
Prediction    0    1    2    3    4    5    6    7
         0  375   11  134   47    5    1    0    1
         1    7   89   36    6    0    0    0    0
         2  456  157 7457  545   57   14    4   29
         3   26   12  143  368    6    1    1    3
         4    2    1   14    3   35    0    0    0
         5    0    0   10    0    0   13    0    1
         6    0    0    7    1    0    0   10    1
         7    1    0    5    3    0    0    2   20

Overall Statistics
                                          
               Accuracy : 0.8268          
                 95% CI : (0.8193, 0.8341)
    No Information Rate : 0.7713          
    P-Value [Acc > NIR] : < 2.2e-16       
                                          
                  Kappa : 0.4667          
                                          
 Mcnemar's Test P-Value : NA              

Statistics by Class:

                     Class: 0 Class: 1 Class: 2 Class: 3 Class: 4 Class: 5  Class: 6 Class: 7
Sensitivity           0.43253 0.329630   0.9553  0.37821 0.339806 0.448276 0.5882353 0.363636
Specificity           0.97849 0.995025   0.4546  0.97901 0.998003 0.998910 0.9991092 0.998907
Pos Pred Value        0.65331 0.644928   0.8553  0.65714 0.636364 0.541667 0.5263158 0.645161
Neg Pred Value        0.94846 0.981867   0.7509  0.93672 0.993244 0.998415 0.9993070 0.996531
Precision             0.65331 0.644928   0.8553  0.65714 0.636364 0.541667 0.5263158 0.645161
Recall                0.43253 0.329630   0.9553  0.37821 0.339806 0.448276 0.5882353 0.363636
F1                    0.52047 0.436275   0.9025  0.48010 0.443038 0.490566 0.5555556 0.465116
Prevalence            0.08567 0.026680   0.7713  0.09615 0.010178 0.002866 0.0016798 0.005435
Detection Rate        0.03706 0.008794   0.7369  0.03636 0.003458 0.001285 0.0009881 0.001976
Detection Prevalence  0.05672 0.013636   0.8616  0.05534 0.005435 0.002372 0.0018775 0.003063
Balanced Accuracy     0.70551 0.662328   0.7050  0.67861 0.668905 0.723593 0.7936722 0.681272
