Confusion Matrix and Statistics

          Reference
Prediction    0    1    2    3    4    5    6
         0  122  102   17    4    0    1    4
         1  122 7249  400   44   12    7   28
         2   17  396  539   12    6    3    5
         3    5   45    8   45    0    1    0
         4    3    5    3    0   11    1    0
         5    0    9    1    1    1    4    0
         6    2   13    6    1    0    0   19

Overall Statistics
                                          
               Accuracy : 0.8614          
                 95% CI : (0.8542, 0.8684)
    No Information Rate : 0.8431          
    P-Value [Acc > NIR] : 4.397e-07       
                                          
                  Kappa : 0.4929          
                                          
 Mcnemar's Test P-Value : NA              

Statistics by Class:

                     Class: 0 Class: 1 Class: 2 Class: 3 Class: 4  Class: 5 Class: 6
Sensitivity           0.45018   0.9271  0.55339 0.420561 0.366667 0.2352941 0.339286
Specificity           0.98578   0.5787  0.94711 0.993564 0.998702 0.9987037 0.997613
Pos Pred Value        0.48800   0.9220  0.55112 0.432692 0.478261 0.2500000 0.463415
Neg Pred Value        0.98349   0.5963  0.94757 0.993239 0.997946 0.9985958 0.995993
Precision             0.48800   0.9220  0.55112 0.432692 0.478261 0.2500000 0.463415
Recall                0.45018   0.9271  0.55339 0.420561 0.366667 0.2352941 0.339286
F1                    0.46833   0.9246  0.55225 0.426540 0.415094 0.2424242 0.391753
Prevalence            0.02922   0.8431  0.10502 0.011538 0.003235 0.0018331 0.006038
Detection Rate        0.01316   0.7816  0.05812 0.004852 0.001186 0.0004313 0.002049
Detection Prevalence  0.02696   0.8477  0.10546 0.011214 0.002480 0.0017253 0.004421
Balanced Accuracy     0.71798   0.7529  0.75025 0.707062 0.682684 0.6169989 0.668450
