Confusion Matrix and Statistics

          Reference
Prediction    0    1    2    3    4    5    6    7
         0  297    2   84   27    3    0    0    1
         1    5   57   16    4    0    0    0    0
         2  534  200 7591  618   67   20   13   38
         3   27   11  102  321    4    0    2    1
         4    2    0    6    2   29    0    0    0
         5    0    0    4    0    0    9    0    0
         6    0    0    0    0    0    0    2    0
         7    2    0    3    1    0    0    0   15

Overall Statistics
                                          
               Accuracy : 0.8222          
                 95% CI : (0.8146, 0.8296)
    No Information Rate : 0.7713          
    P-Value [Acc > NIR] : < 2.2e-16       
                                          
                  Kappa : 0.4067          
                                          
 Mcnemar's Test P-Value : NA              

Statistics by Class:

                     Class: 0 Class: 1 Class: 2 Class: 3 Class: 4  Class: 5  Class: 6 Class: 7
Sensitivity           0.34256 0.211111   0.9725  0.32991 0.281553 0.3103448 0.1176471 0.272727
Specificity           0.98736 0.997462   0.3561  0.98393 0.999002 0.9996036 1.0000000 0.999404
Pos Pred Value        0.71739 0.695122   0.8359  0.68590 0.743590 0.6923077 1.0000000 0.714286
Neg Pred Value        0.94127 0.978781   0.7931  0.93245 0.992659 0.9980212 0.9985175 0.996039
Precision             0.71739 0.695122   0.8359  0.68590 0.743590 0.6923077 1.0000000 0.714286
Recall                0.34256 0.211111   0.9725  0.32991 0.281553 0.3103448 0.1176471 0.272727
F1                    0.46370 0.323864   0.8990  0.44552 0.408451 0.4285714 0.2105263 0.394737
Prevalence            0.08567 0.026680   0.7713  0.09615 0.010178 0.0028656 0.0016798 0.005435
Detection Rate        0.02935 0.005632   0.7501  0.03172 0.002866 0.0008893 0.0001976 0.001482
Detection Prevalence  0.04091 0.008103   0.8973  0.04625 0.003854 0.0012846 0.0001976 0.002075
Balanced Accuracy     0.66496 0.604287   0.6643  0.65692 0.640278 0.6549742 0.5588235 0.636066
