Confusion Matrix and Statistics

          Reference
Prediction    0    1    2    3    4    5    6
         0  137   49   13    0    1    1    2
         1  109 7401  373   39    7    9   22
         2   19  315  577    7    2    0    7
         3    3   29    4   59    0    0    1
         4    0    7    3    1   19    2    0
         5    0    7    0    1    0    5    0
         6    3   11    4    0    1    0   24

Overall Statistics
                                         
               Accuracy : 0.8866         
                 95% CI : (0.8799, 0.893)
    No Information Rate : 0.8431         
    P-Value [Acc > NIR] : < 2.2e-16      
                                         
                  Kappa : 0.572          
                                         
 Mcnemar's Test P-Value : NA             

Statistics by Class:

                     Class: 0 Class: 1 Class: 2 Class: 3 Class: 4  Class: 5 Class: 6
Sensitivity           0.50554   0.9465  0.59240 0.551402 0.633333 0.2941176 0.428571
Specificity           0.99267   0.6158  0.95783 0.995964 0.998594 0.9991358 0.997939
Pos Pred Value        0.67488   0.9298  0.62244 0.614583 0.593750 0.3846154 0.558140
Neg Pred Value        0.98523   0.6819  0.95244 0.994770 0.998810 0.9987042 0.996533
Precision             0.67488   0.9298  0.62244 0.614583 0.593750 0.3846154 0.558140
Recall                0.50554   0.9465  0.59240 0.551402 0.633333 0.2941176 0.428571
F1                    0.57806   0.9381  0.60705 0.581281 0.612903 0.3333333 0.484848
Prevalence            0.02922   0.8431  0.10502 0.011538 0.003235 0.0018331 0.006038
Detection Rate        0.01477   0.7980  0.06222 0.006362 0.002049 0.0005391 0.002588
Detection Prevalence  0.02189   0.8583  0.09996 0.010352 0.003451 0.0014018 0.004637
Balanced Accuracy     0.74910   0.7812  0.77512 0.773683 0.815964 0.6466267 0.713255
