Confusion Matrix and Statistics

          Reference
Prediction    0    1    2    3    4    5    6    7
         0  422   11  135   44   10    1    1    1
         1    7   93   51    5    2    0    0    0
         2  387  149 7387  420   43   13    8   28
         3   43   14  191  493    4    1    3    2
         4    6    2   26    6   43    0    1    1
         5    0    0    4    1    0   14    0    0
         6    0    0    5    1    0    0    4    0
         7    2    1    7    3    1    0    0   23

Overall Statistics
                                         
               Accuracy : 0.8378         
                 95% CI : (0.8305, 0.845)
    No Information Rate : 0.7713         
    P-Value [Acc > NIR] : < 2.2e-16      
                                         
                  Kappa : 0.5288         
                                         
 Mcnemar's Test P-Value : NA             

Statistics by Class:

                     Class: 0 Class: 1 Class: 2 Class: 3 Class: 4 Class: 5  Class: 6 Class: 7
Sensitivity           0.48674  0.34444   0.9463  0.50668 0.417476 0.482759 0.2352941 0.418182
Specificity           0.97806  0.99340   0.5471  0.97179 0.995807 0.999505 0.9994061 0.998609
Pos Pred Value        0.67520  0.58861   0.8758  0.65646 0.505882 0.736842 0.4000000 0.621622
Neg Pred Value        0.95313  0.98223   0.7513  0.94877 0.994021 0.998515 0.9987141 0.996826
Precision             0.67520  0.58861   0.8758  0.65646 0.505882 0.736842 0.4000000 0.621622
Recall                0.48674  0.34444   0.9463  0.50668 0.417476 0.482759 0.2352941 0.418182
F1                    0.56568  0.43458   0.9097  0.57193 0.457447 0.583333 0.2962963 0.500000
Prevalence            0.08567  0.02668   0.7713  0.09615 0.010178 0.002866 0.0016798 0.005435
Detection Rate        0.04170  0.00919   0.7299  0.04872 0.004249 0.001383 0.0003953 0.002273
Detection Prevalence  0.06176  0.01561   0.8335  0.07421 0.008399 0.001877 0.0009881 0.003656
Balanced Accuracy     0.73240  0.66892   0.7467  0.73924 0.706641 0.741132 0.6173501 0.708395
