Confusion Matrix and Statistics

          Reference
Prediction    0    1    2    3    4    5    6    7
         0  474   15  158   42    2    1    0    2
         1    8  112   44   10    2    0    0    0
         2  337  124 7367  397   46   14    6   24
         3   40   14  200  519    4    1    0    1
         4    3    4   19    2   48    0    0    0
         5    2    0    4    0    0   12    0    1
         6    1    0    8    1    0    0   10    2
         7    2    1    6    2    1    1    1   25

Overall Statistics
                                          
               Accuracy : 0.8465          
                 95% CI : (0.8394, 0.8535)
    No Information Rate : 0.7713          
    P-Value [Acc > NIR] : < 2.2e-16       
                                          
                  Kappa : 0.5645          
                                          
 Mcnemar's Test P-Value : NA              

Statistics by Class:

                     Class: 0 Class: 1 Class: 2 Class: 3 Class: 4 Class: 5  Class: 6 Class: 7
Sensitivity           0.54671  0.41481   0.9438  0.53340 0.466019 0.413793 0.5882353 0.454545
Specificity           0.97622  0.99350   0.5903  0.97158 0.997205 0.999306 0.9988122 0.998609
Pos Pred Value        0.68300  0.63636   0.8860  0.66624 0.631579 0.631579 0.4545455 0.641026
Neg Pred Value        0.95831  0.98411   0.7568  0.95140 0.994524 0.998317 0.9993068 0.997024
Precision             0.68300  0.63636   0.8860  0.66624 0.631579 0.631579 0.4545455 0.641026
Recall                0.54671  0.41481   0.9438  0.53340 0.466019 0.413793 0.5882353 0.454545
F1                    0.60730  0.50224   0.9140  0.59247 0.536313 0.500000 0.5128205 0.531915
Prevalence            0.08567  0.02668   0.7713  0.09615 0.010178 0.002866 0.0016798 0.005435
Detection Rate        0.04684  0.01107   0.7280  0.05128 0.004743 0.001186 0.0009881 0.002470
Detection Prevalence  0.06858  0.01739   0.8216  0.07698 0.007510 0.001877 0.0021739 0.003854
Balanced Accuracy     0.76147  0.70416   0.7670  0.75249 0.731612 0.706550 0.7935238 0.726577
