Confusion Matrix and Statistics

          Reference
Prediction    0    1    2    3    4    5    6    7
         0  498   15  143   37    2    1    0    2
         1   13  124   47    8    2    1    0    1
         2  326  114 7401  365   47   12   10   16
         3   24   14  182  557    4    2    1    3
         4    5    2   22    3   48    1    0    0
         5    0    0    2    0    0   12    0    1
         6    0    0    5    2    0    0    6    0
         7    1    1    5    1    0    0    0   32

Overall Statistics
                                          
               Accuracy : 0.8574          
                 95% CI : (0.8505, 0.8642)
    No Information Rate : 0.7714          
    P-Value [Acc > NIR] : < 2.2e-16       
                                          
                  Kappa : 0.5974          
                                          
 Mcnemar's Test P-Value : NA              

Statistics by Class:

                     Class: 0 Class: 1 Class: 2 Class: 3 Class: 4 Class: 5  Class: 6 Class: 7
Sensitivity           0.57439  0.45926   0.9480  0.57246 0.466019 0.413793 0.3529412 0.581818
Specificity           0.97839  0.99269   0.6154  0.97486 0.996706 0.999703 0.9993072 0.999205
Pos Pred Value        0.71347  0.63265   0.8927  0.70775 0.592593 0.800000 0.4615385 0.800000
Neg Pred Value        0.96084  0.98529   0.7781  0.95543 0.994522 0.998318 0.9989118 0.997718
Precision             0.71347  0.63265   0.8927  0.70775 0.592593 0.800000 0.4615385 0.800000
Recall                0.57439  0.45926   0.9480  0.57246 0.466019 0.413793 0.3529412 0.581818
F1                    0.63642  0.53219   0.9195  0.63295 0.521739 0.545455 0.4000000 0.673684
Prevalence            0.08566  0.02668   0.7714  0.09614 0.010177 0.002865 0.0016797 0.005434
Detection Rate        0.04920  0.01225   0.7313  0.05503 0.004743 0.001186 0.0005928 0.003162
Detection Prevalence  0.06897  0.01937   0.8192  0.07776 0.008003 0.001482 0.0012845 0.003952
Balanced Accuracy     0.77639  0.72598   0.7817  0.77366 0.731363 0.706748 0.6761242 0.790512
