Confusion Matrix and Statistics

          Reference
Prediction    0    1    2    3    4    5    6    7
         0  404   11  130   37    2    1    0    2
         1    9   98   47    7    1    0    0    2
         2  407  139 7439  479   56   14    7   31
         3   40   15  153  443    5    1    2    2
         4    3    2   14    2   39    0    0    0
         5    2    0    4    0    0   12    0    0
         6    0    1    6    0    0    0    8    0
         7    2    4   13    5    0    1    0   18

Overall Statistics
                                          
               Accuracy : 0.8361          
                 95% CI : (0.8287, 0.8432)
    No Information Rate : 0.7713          
    P-Value [Acc > NIR] : < 2.2e-16       
                                          
                  Kappa : 0.5105          
                                          
 Mcnemar's Test P-Value : NA              

Statistics by Class:

                     Class: 0 Class: 1 Class: 2 Class: 3 Class: 4 Class: 5  Class: 6 Class: 7
Sensitivity           0.46597 0.362963   0.9530  0.45529 0.378641 0.413793 0.4705882 0.327273
Specificity           0.98022 0.993299   0.5104  0.97617 0.997904 0.999405 0.9993071 0.997516
Pos Pred Value        0.68825 0.597561   0.8678  0.67020 0.650000 0.666667 0.5333333 0.418605
Neg Pred Value        0.95143 0.982724   0.7629  0.94397 0.993638 0.998317 0.9991094 0.996328
Precision             0.68825 0.597561   0.8678  0.67020 0.650000 0.666667 0.5333333 0.418605
Recall                0.46597 0.362963   0.9530  0.45529 0.378641 0.413793 0.4705882 0.327273
F1                    0.55571 0.451613   0.9084  0.54223 0.478528 0.510638 0.5000000 0.367347
Prevalence            0.08567 0.026680   0.7713  0.09615 0.010178 0.002866 0.0016798 0.005435
Detection Rate        0.03992 0.009684   0.7351  0.04377 0.003854 0.001186 0.0007905 0.001779
Detection Prevalence  0.05800 0.016206   0.8470  0.06532 0.005929 0.001779 0.0014822 0.004249
Balanced Accuracy     0.72310 0.678131   0.7317  0.71573 0.688272 0.706599 0.7349477 0.662394
