Confusion Matrix and Statistics

          Reference
Prediction    0    1    2    3    4    5    6    7
         0  438   15  172   49    5    1    1    1
         1   13   94   55    7    1    0    1    2
         2  366  145 7338  424   52   10    5   22
         3   45   13  201  485    3    2    0    3
         4    3    1   16    6   42    0    0    0
         5    1    0    9    0    0   16    0    1
         6    0    1    8    0    0    0    9    0
         7    1    1    7    2    0    0    1   26

Overall Statistics
                                         
               Accuracy : 0.8348         
                 95% CI : (0.8274, 0.842)
    No Information Rate : 0.7713         
    P-Value [Acc > NIR] : < 2.2e-16      
                                         
                  Kappa : 0.5268         
                                         
 Mcnemar's Test P-Value : NA             

Statistics by Class:

                     Class: 0 Class: 1 Class: 2 Class: 3 Class: 4 Class: 5  Class: 6 Class: 7
Sensitivity           0.50519 0.348148   0.9400  0.49846 0.407767 0.551724 0.5294118 0.472727
Specificity           0.97363 0.991980   0.5575  0.97081 0.997404 0.998910 0.9991092 0.998808
Pos Pred Value        0.64223 0.543353   0.8775  0.64495 0.617647 0.592593 0.5000000 0.684211
Neg Pred Value        0.95455 0.982306   0.7338  0.94791 0.993932 0.998712 0.9992081 0.997124
Precision             0.64223 0.543353   0.8775  0.64495 0.617647 0.592593 0.5000000 0.684211
Recall                0.50519 0.348148   0.9400  0.49846 0.407767 0.551724 0.5294118 0.472727
F1                    0.56553 0.424379   0.9077  0.56232 0.491228 0.571429 0.5142857 0.559140
Prevalence            0.08567 0.026680   0.7713  0.09615 0.010178 0.002866 0.0016798 0.005435
Detection Rate        0.04328 0.009289   0.7251  0.04792 0.004150 0.001581 0.0008893 0.002569
Detection Prevalence  0.06739 0.017095   0.8263  0.07431 0.006719 0.002668 0.0017787 0.003755
Balanced Accuracy     0.73941 0.670064   0.7488  0.73463 0.702586 0.775317 0.7642605 0.735768
