Confusion Matrix and Statistics

          Reference
Prediction    0    1    2    3    4    5    6
         0  117   79   15    0    0    0    1
         1  123 7376  416   48   13    8   23
         2   28  304  527   10    2    1   10
         3    1   29    5   49    0    0    0
         4    0    5    3    0   14    1    0
         5    0    8    0    0    0    6    0
         6    2   18    8    0    1    1   22

Overall Statistics
                                          
               Accuracy : 0.8746          
                 95% CI : (0.8677, 0.8813)
    No Information Rate : 0.8431          
    P-Value [Acc > NIR] : < 2.2e-16       
                                          
                  Kappa : 0.52            
                                          
 Mcnemar's Test P-Value : NA              

Statistics by Class:

                     Class: 0 Class: 1 Class: 2 Class: 3 Class: 4 Class: 5 Class: 6
Sensitivity           0.43173   0.9433  0.54107 0.457944 0.466667 0.352941 0.392857
Specificity           0.98945   0.5663  0.95723 0.996182 0.999026 0.999136 0.996745
Pos Pred Value        0.55189   0.9212  0.59751 0.583333 0.608696 0.428571 0.423077
Neg Pred Value        0.98301   0.6504  0.94673 0.993689 0.998270 0.998812 0.996313
Precision             0.55189   0.9212  0.59751 0.583333 0.608696 0.428571 0.423077
Recall                0.43173   0.9433  0.54107 0.457944 0.466667 0.352941 0.392857
F1                    0.48447   0.9321  0.56789 0.513089 0.528302 0.387097 0.407407
Prevalence            0.02922   0.8431  0.10502 0.011538 0.003235 0.001833 0.006038
Detection Rate        0.01262   0.7953  0.05683 0.005284 0.001510 0.000647 0.002372
Detection Prevalence  0.02286   0.8634  0.09510 0.009058 0.002480 0.001510 0.005607
Balanced Accuracy     0.71059   0.7548  0.74915 0.727063 0.732847 0.676038 0.694801
