Confusion Matrix and Statistics

          Reference
Prediction    0    1    2    3    4    5    6    7
         0  504   13  168   43    4    1    0    4
         1   14  134   65   16    2    0    0    3
         2  307  107 7357  343   42   11    9   15
         3   37   14  187  567    5    4    1    4
         4    4    0   14    2   50    0    0    0
         5    0    0    6    0    0   13    1    0
         6    0    0    2    0    0    0    5    0
         7    1    2    8    2    0    0    1   29

Overall Statistics
                                          
               Accuracy : 0.8555          
                 95% CI : (0.8485, 0.8623)
    No Information Rate : 0.7714          
    P-Value [Acc > NIR] : < 2.2e-16       
                                          
                  Kappa : 0.5998          
                                          
 Mcnemar's Test P-Value : NA              

Statistics by Class:

                     Class: 0 Class: 1 Class: 2 Class: 3 Class: 4 Class: 5  Class: 6 Class: 7
Sensitivity           0.58131  0.49630   0.9424  0.58273 0.485437 0.448276 0.2941176 0.527273
Specificity           0.97482  0.98985   0.6396  0.97245 0.998004 0.999306 0.9998021 0.998609
Pos Pred Value        0.68385  0.57265   0.8982  0.69231 0.714286 0.650000 0.7142857 0.674419
Neg Pred Value        0.96132  0.98624   0.7668  0.95635 0.994727 0.998416 0.9988135 0.997420
Precision             0.68385  0.57265   0.8982  0.69231 0.714286 0.650000 0.7142857 0.674419
Recall                0.58131  0.49630   0.9424  0.58273 0.485437 0.448276 0.2941176 0.527273
F1                    0.62843  0.53175   0.9197  0.63281 0.578035 0.530612 0.4166667 0.591837
Prevalence            0.08566  0.02668   0.7714  0.09614 0.010177 0.002865 0.0016797 0.005434
Detection Rate        0.04980  0.01324   0.7269  0.05602 0.004940 0.001284 0.0004940 0.002865
Detection Prevalence  0.07282  0.02312   0.8093  0.08092 0.006916 0.001976 0.0006916 0.004249
Balanced Accuracy     0.77807  0.74307   0.7910  0.77759 0.741720 0.723791 0.6469599 0.762941
