Confusion Matrix and Statistics

          Reference
Prediction    0    1    2    3    4    5    6
         0  130   86   18    3    2    0    4
         1  117 7347  358   43   11   10   26
         2   19  329  591   11    1    2    4
         3    2   31    2   49    0    0    1
         4    1    5    1    0   15    1    0
         5    1    5    1    1    0    4    0
         6    1   16    3    0    1    0   21

Overall Statistics
                                          
               Accuracy : 0.8796          
                 95% CI : (0.8728, 0.8861)
    No Information Rate : 0.8431          
    P-Value [Acc > NIR] : < 2.2e-16       
                                          
                  Kappa : 0.5522          
                                          
 Mcnemar's Test P-Value : NA              

Statistics by Class:

                     Class: 0 Class: 1 Class: 2 Class: 3 Class: 4  Class: 5 Class: 6
Sensitivity           0.47970   0.9396  0.60678 0.457944 0.500000 0.2352941 0.375000
Specificity           0.98745   0.6117  0.95590 0.996073 0.999135 0.9991358 0.997722
Pos Pred Value        0.53498   0.9286  0.61755 0.576471 0.652174 0.3333333 0.500000
Neg Pred Value        0.98439   0.6535  0.95395 0.993688 0.998379 0.9985964 0.996209
Precision             0.53498   0.9286  0.61755 0.576471 0.652174 0.3333333 0.500000
Recall                0.47970   0.9396  0.60678 0.457944 0.500000 0.2352941 0.375000
F1                    0.50584   0.9341  0.61212 0.510417 0.566038 0.2758621 0.428571
Prevalence            0.02922   0.8431  0.10502 0.011538 0.003235 0.0018331 0.006038
Detection Rate        0.01402   0.7922  0.06373 0.005284 0.001617 0.0004313 0.002264
Detection Prevalence  0.02620   0.8531  0.10319 0.009165 0.002480 0.0012939 0.004529
Balanced Accuracy     0.73358   0.7757  0.78134 0.727008 0.749567 0.6172150 0.686361
