Confusion Matrix and Statistics

          Reference
Prediction    0    1    2    3    4    5    6    7
         0  425   22  152   49    3    5    1    1
         1    8   98   61   11    2    0    0    2
         2  407  138 7406  425   52   15    7   26
         3   24   11  158  484    1    0    2    3
         4    2    1   15    2   45    0    0    1
         5    0    0    3    0    0    9    0    0
         6    0    0    5    0    0    0    7    0
         7    1    0    6    2    0    0    0   22

Overall Statistics
                                          
               Accuracy : 0.8395          
                 95% CI : (0.8322, 0.8466)
    No Information Rate : 0.7713          
    P-Value [Acc > NIR] : < 2.2e-16       
                                          
                  Kappa : 0.5299          
                                          
 Mcnemar's Test P-Value : NA              

Statistics by Class:

                     Class: 0 Class: 1 Class: 2 Class: 3 Class: 4  Class: 5  Class: 6 Class: 7
Sensitivity           0.49020 0.362963   0.9488  0.49743 0.436893 0.3103448 0.4117647 0.400000
Specificity           0.97482 0.991472   0.5376  0.97824 0.997904 0.9997027 0.9995051 0.999106
Pos Pred Value        0.64590 0.538462   0.8738  0.70864 0.681818 0.7500000 0.5833333 0.709677
Neg Pred Value        0.95329 0.982693   0.7567  0.94818 0.994231 0.9980214 0.9990107 0.996729
Precision             0.64590 0.538462   0.8738  0.70864 0.681818 0.7500000 0.5833333 0.709677
Recall                0.49020 0.362963   0.9488  0.49743 0.436893 0.3103448 0.4117647 0.400000
F1                    0.55738 0.433628   0.9097  0.58454 0.532544 0.4390244 0.4827586 0.511628
Prevalence            0.08567 0.026680   0.7713  0.09615 0.010178 0.0028656 0.0016798 0.005435
Detection Rate        0.04200 0.009684   0.7318  0.04783 0.004447 0.0008893 0.0006917 0.002174
Detection Prevalence  0.06502 0.017984   0.8375  0.06749 0.006522 0.0011858 0.0011858 0.003063
Balanced Accuracy     0.73251 0.677218   0.7432  0.73784 0.717398 0.6550238 0.7056349 0.699553
