Confusion Matrix and Statistics

          Reference
Prediction    0    1    2    3    4    5    6    7
         0  385   16  148   35    3    1    1    2
         1    6   83   33    4    0    1    2    2
         2  427  149 7403  501   52   16    7   24
         3   46   18  178  426    1    1    0    2
         4    1    0   20    3   44    0    0    0
         5    1    1    4    1    0    9    0    2
         6    0    0    6    1    0    0    6    0
         7    1    3   14    2    3    1    1   23

Overall Statistics
                                          
               Accuracy : 0.828           
                 95% CI : (0.8205, 0.8353)
    No Information Rate : 0.7713          
    P-Value [Acc > NIR] : < 2.2e-16       
                                          
                  Kappa : 0.4853          
                                          
 Mcnemar's Test P-Value : NA              

Statistics by Class:

                     Class: 0 Class: 1 Class: 2 Class: 3 Class: 4  Class: 5  Class: 6 Class: 7
Sensitivity           0.44406 0.307407   0.9484  0.43782 0.427184 0.3103448 0.3529412 0.418182
Specificity           0.97774 0.995127   0.4918  0.97311 0.997604 0.9991081 0.9993071 0.997516
Pos Pred Value        0.65144 0.633588   0.8629  0.63393 0.647059 0.5000000 0.4615385 0.479167
Neg Pred Value        0.94942 0.981279   0.7385  0.94210 0.994131 0.9980202 0.9989116 0.996823
Precision             0.65144 0.633588   0.8629  0.63393 0.647059 0.5000000 0.4615385 0.479167
Recall                0.44406 0.307407   0.9484  0.43782 0.427184 0.3103448 0.3529412 0.418182
F1                    0.52812 0.413965   0.9036  0.51793 0.514620 0.3829787 0.4000000 0.446602
Prevalence            0.08567 0.026680   0.7713  0.09615 0.010178 0.0028656 0.0016798 0.005435
Detection Rate        0.03804 0.008202   0.7315  0.04209 0.004348 0.0008893 0.0005929 0.002273
Detection Prevalence  0.05840 0.012945   0.8477  0.06640 0.006719 0.0017787 0.0012846 0.004743
Balanced Accuracy     0.71090 0.651267   0.7201  0.70546 0.712394 0.6547265 0.6761242 0.707849
