Confusion Matrix and Statistics

          Reference
Prediction    0    1    2    3    4    5    6    7
         0  456   16  181   42    5    2    0    1
         1   13  104   51    8    0    0    0    0
         2  351  125 7321  393   44   12    5   24
         3   45   24  213  523    5    1    1    3
         4    1    1   16    3   49    0    0    1
         5    0    0    4    1    0   14    0    0
         6    0    0   11    0    0    0   10    0
         7    1    0    9    3    0    0    1   26

Overall Statistics
                                          
               Accuracy : 0.8402          
                 95% CI : (0.8329, 0.8473)
    No Information Rate : 0.7713          
    P-Value [Acc > NIR] : < 2.2e-16       
                                          
                  Kappa : 0.5499          
                                          
 Mcnemar's Test P-Value : NA              

Statistics by Class:

                     Class: 0 Class: 1 Class: 2 Class: 3 Class: 4 Class: 5  Class: 6 Class: 7
Sensitivity           0.52595  0.38519   0.9379  0.53751 0.475728 0.482759 0.5882353 0.472727
Specificity           0.97331  0.99269   0.5877  0.96808 0.997804 0.999505 0.9989112 0.998609
Pos Pred Value        0.64865  0.59091   0.8847  0.64172 0.690141 0.736842 0.4761905 0.650000
Neg Pred Value        0.95636  0.98331   0.7371  0.95164 0.994626 0.998515 0.9993069 0.997123
Precision             0.64865  0.59091   0.8847  0.64172 0.690141 0.736842 0.4761905 0.650000
Recall                0.52595  0.38519   0.9379  0.53751 0.475728 0.482759 0.5882353 0.472727
F1                    0.58089  0.46637   0.9105  0.58501 0.563218 0.583333 0.5263158 0.547368
Prevalence            0.08567  0.02668   0.7713  0.09615 0.010178 0.002866 0.0016798 0.005435
Detection Rate        0.04506  0.01028   0.7234  0.05168 0.004842 0.001383 0.0009881 0.002569
Detection Prevalence  0.06947  0.01739   0.8177  0.08053 0.007016 0.001877 0.0020751 0.003953
Balanced Accuracy     0.74963  0.68894   0.7628  0.75279 0.736766 0.741132 0.7935733 0.735668
