Confusion Matrix and Statistics

          Reference
Prediction    0    1    2    3    4    5    6
         0  147   62   12    3    1    0    2
         1  109 7466  390   45   11   10   24
         2   11  251  560    7    2    0    6
         3    1   21    4   48    0    0    1
         4    1    6    1    2   16    2    1
         5    0    1    0    0    0    5    0
         6    2   12    7    2    0    0   22

Overall Statistics
                                          
               Accuracy : 0.8911          
                 95% CI : (0.8846, 0.8974)
    No Information Rate : 0.8431          
    P-Value [Acc > NIR] : < 2.2e-16       
                                          
                  Kappa : 0.5769          
                                          
 Mcnemar's Test P-Value : NA              

Statistics by Class:

                     Class: 0 Class: 1 Class: 2 Class: 3 Class: 4  Class: 5 Class: 6
Sensitivity           0.54244   0.9549  0.57495 0.448598 0.533333 0.2941176 0.392857
Specificity           0.99111   0.5952  0.96663 0.997055 0.998594 0.9998920 0.997505
Pos Pred Value        0.64758   0.9269  0.66906 0.640000 0.551724 0.8333333 0.488889
Neg Pred Value        0.98629   0.7104  0.95093 0.993586 0.998486 0.9987052 0.996316
Precision             0.64758   0.9269  0.66906 0.640000 0.551724 0.8333333 0.488889
Recall                0.54244   0.9549  0.57495 0.448598 0.533333 0.2941176 0.392857
F1                    0.59036   0.9407  0.61844 0.527473 0.542373 0.4347826 0.435644
Prevalence            0.02922   0.8431  0.10502 0.011538 0.003235 0.0018331 0.006038
Detection Rate        0.01585   0.8050  0.06038 0.005176 0.001725 0.0005391 0.002372
Detection Prevalence  0.02448   0.8686  0.09025 0.008087 0.003127 0.0006470 0.004852
Balanced Accuracy     0.76677   0.7750  0.77079 0.722826 0.765964 0.6470048 0.695181
