Confusion Matrix and Statistics

          Reference
Prediction    0    1    2    3    4    5    6
         0   17    7    1    0    0    0    0
         1  252 7784  927   95   26   15   56
         2    2   20   46    1    0    0    0
         3    0    5    0   11    0    0    0
         4    0    0    0    0    4    0    0
         5    0    2    0    0    0    2    0
         6    0    1    0    0    0    0    0

Overall Statistics
                                          
               Accuracy : 0.848           
                 95% CI : (0.8405, 0.8552)
    No Information Rate : 0.8431          
    P-Value [Acc > NIR] : 0.1016          
                                          
                  Kappa : 0.0886          
                                          
 Mcnemar's Test P-Value : NA              

Statistics by Class:

                     Class: 0 Class: 1 Class: 2 Class: 3  Class: 4  Class: 5  Class: 6
Sensitivity          0.062731  0.99552  0.04723 0.102804 0.1333333 0.1176471 0.0000000
Specificity          0.999111  0.05773  0.99723 0.999455 1.0000000 0.9997839 0.9998915
Pos Pred Value       0.680000  0.85025  0.66667 0.687500 1.0000000 0.5000000 0.0000000
Neg Pred Value       0.972538  0.70588  0.89919 0.989631 0.9971953 0.9983819 0.9939610
Precision            0.680000  0.85025  0.66667 0.687500 1.0000000 0.5000000 0.0000000
Recall               0.062731  0.99552  0.04723 0.102804 0.1333333 0.1176471 0.0000000
F1                   0.114865  0.91717  0.08821 0.178862 0.2352941 0.1904762       NaN
Prevalence           0.029221  0.84311  0.10502 0.011538 0.0032349 0.0018331 0.0060384
Detection Rate       0.001833  0.83934  0.00496 0.001186 0.0004313 0.0002157 0.0000000
Detection Prevalence 0.002696  0.98717  0.00744 0.001725 0.0004313 0.0004313 0.0001078
Balanced Accuracy    0.530921  0.52663  0.52223 0.551129 0.5666667 0.5587155 0.4999458
