Confusion Matrix and Statistics

          Reference
Prediction    0    1    2    3    4    5    6    7
         0  424   15  159   54    3    2    0    3
         1    8   89   29    5    0    0    1    1
         2  385  147 7363  445   54   13    6   22
         3   47   16  226  460    5    1    1    0
         4    0    2   12    4   41    0    0    0
         5    0    1    3    0    0   11    0    2
         6    1    0    7    1    0    0    8    0
         7    2    0    7    4    0    2    1   27

Overall Statistics
                                          
               Accuracy : 0.8323          
                 95% CI : (0.8249, 0.8395)
    No Information Rate : 0.7713          
    P-Value [Acc > NIR] : < 2.2e-16       
                                          
                  Kappa : 0.5124          
                                          
 Mcnemar's Test P-Value : NA              

Statistics by Class:

                     Class: 0 Class: 1 Class: 2 Class: 3 Class: 4 Class: 5  Class: 6 Class: 7
Sensitivity           0.48904 0.329630   0.9432  0.47276 0.398058 0.379310 0.4705882 0.490909
Specificity           0.97449 0.995533   0.5367  0.96764 0.998203 0.999405 0.9991092 0.998410
Pos Pred Value        0.64242 0.669173   0.8729  0.60847 0.694915 0.647059 0.4705882 0.627907
Neg Pred Value        0.95317 0.981876   0.7371  0.94522 0.993838 0.998218 0.9991092 0.997221
Precision             0.64242 0.669173   0.8729  0.60847 0.694915 0.647059 0.4705882 0.627907
Recall                0.48904 0.329630   0.9432  0.47276 0.398058 0.379310 0.4705882 0.490909
F1                    0.55534 0.441687   0.9067  0.53210 0.506173 0.478261 0.4705882 0.551020
Prevalence            0.08567 0.026680   0.7713  0.09615 0.010178 0.002866 0.0016798 0.005435
Detection Rate        0.04190 0.008794   0.7276  0.04545 0.004051 0.001087 0.0007905 0.002668
Detection Prevalence  0.06522 0.013142   0.8335  0.07470 0.005830 0.001680 0.0016798 0.004249
Balanced Accuracy     0.73177 0.662581   0.7400  0.72020 0.698131 0.689358 0.7348487 0.744660
