Confusion Matrix and Statistics

          Reference
Prediction    0    1    2    3    4    5    6    7
         0  471   18  189   54    8    1    0    3
         1   16  109   71    6    3    0    0    4
         2  331  126 7271  389   36   15    3   21
         3   39   14  225  513    4    1    1    4
         4    4    1   28    7   52    1    1    0
         5    1    0    2    1    0   11    1    1
         6    2    0    7    0    0    0   11    0
         7    3    2   13    3    0    0    0   22

Overall Statistics
                                          
               Accuracy : 0.836           
                 95% CI : (0.8286, 0.8431)
    No Information Rate : 0.7713          
    P-Value [Acc > NIR] : < 2.2e-16       
                                          
                  Kappa : 0.5456          
                                          
 Mcnemar's Test P-Value : NA              

Statistics by Class:

                     Class: 0 Class: 1 Class: 2 Class: 3 Class: 4 Class: 5 Class: 6 Class: 7
Sensitivity           0.54325  0.40370   0.9315  0.52724 0.504854 0.379310 0.647059 0.400000
Specificity           0.97050  0.98985   0.6020  0.96851 0.995807 0.999405 0.999109 0.997914
Pos Pred Value        0.63306  0.52153   0.8876  0.64045 0.553191 0.647059 0.550000 0.511628
Neg Pred Value        0.95776  0.98376   0.7225  0.95064 0.994913 0.998218 0.999406 0.996725
Precision             0.63306  0.52153   0.8876  0.64045 0.553191 0.647059 0.550000 0.511628
Recall                0.54325  0.40370   0.9315  0.52724 0.504854 0.379310 0.647059 0.400000
F1                    0.58473  0.45511   0.9090  0.57835 0.527919 0.478261 0.594595 0.448980
Prevalence            0.08567  0.02668   0.7713  0.09615 0.010178 0.002866 0.001680 0.005435
Detection Rate        0.04654  0.01077   0.7185  0.05069 0.005138 0.001087 0.001087 0.002174
Detection Prevalence  0.07352  0.02065   0.8095  0.07915 0.009289 0.001680 0.001976 0.004249
Balanced Accuracy     0.75687  0.69678   0.7667  0.74787 0.750331 0.689358 0.823084 0.698957
