Confusion Matrix and Statistics

          Reference
Prediction    0    1    2    3    4    5    6    7
         0  286    5   81   18    4    0    0    2
         1    1   51   14    2    0    0    0    0
         2  560  206 7602  659   71   18   10   31
         3   18    7   89  292    2    0    2    1
         4    1    1    6    1   26    0    0    0
         5    0    0    3    0    0   11    0    0
         6    0    0    6    0    0    0    4    0
         7    1    0    5    1    0    0    1   21

Overall Statistics
                                          
               Accuracy : 0.8195          
                 95% CI : (0.8118, 0.8269)
    No Information Rate : 0.7713          
    P-Value [Acc > NIR] : < 2.2e-16       
                                          
                  Kappa : 0.3871          
                                          
 Mcnemar's Test P-Value : NA              

Statistics by Class:

                     Class: 0 Class: 1 Class: 2 Class: 3 Class: 4 Class: 5  Class: 6 Class: 7
Sensitivity           0.32987 0.188889   0.9739  0.30010 0.252427 0.379310 0.2352941 0.381818
Specificity           0.98811 0.998274   0.3280  0.98699 0.999102 0.999703 0.9994061 0.999205
Pos Pred Value        0.72222 0.750000   0.8302  0.71046 0.742857 0.785714 0.4000000 0.724138
Neg Pred Value        0.94025 0.978213   0.7882  0.92986 0.992365 0.998219 0.9987141 0.996631
Precision             0.72222 0.750000   0.8302  0.71046 0.742857 0.785714 0.4000000 0.724138
Recall                0.32987 0.188889   0.9739  0.30010 0.252427 0.379310 0.2352941 0.381818
F1                    0.45289 0.301775   0.8963  0.42197 0.376812 0.511628 0.2962963 0.500000
Prevalence            0.08567 0.026680   0.7713  0.09615 0.010178 0.002866 0.0016798 0.005435
Detection Rate        0.02826 0.005040   0.7512  0.02885 0.002569 0.001087 0.0003953 0.002075
Detection Prevalence  0.03913 0.006719   0.9048  0.04061 0.003458 0.001383 0.0009881 0.002866
Balanced Accuracy     0.65899 0.593582   0.6509  0.64355 0.625764 0.689507 0.6173501 0.690512
