Confusion Matrix and Statistics

          Reference
Prediction    0    1    2    3    4    5    6    7
         0  432   13  142   43    5    1    0    2
         1   13  103   50    7    0    0    0    2
         2  373  131 7361  382   42   11    6   18
         3   46   20  209  535    6    2    1    2
         4    2    1   24    4   50    2    0    0
         5    0    0    5    0    0   13    0    1
         6    0    1    7    1    0    0    9    0
         7    1    1    8    1    0    0    1   30

Overall Statistics
                                          
               Accuracy : 0.8432          
                 95% CI : (0.8359, 0.8502)
    No Information Rate : 0.7713          
    P-Value [Acc > NIR] : < 2.2e-16       
                                          
                  Kappa : 0.5542          
                                          
 Mcnemar's Test P-Value : NA              

Statistics by Class:

                     Class: 0 Class: 1 Class: 2 Class: 3 Class: 4 Class: 5  Class: 6 Class: 7
Sensitivity           0.49827  0.38148   0.9430  0.54985 0.485437 0.448276 0.5294118 0.545455
Specificity           0.97774  0.99269   0.5838  0.96873 0.996706 0.999405 0.9991092 0.998808
Pos Pred Value        0.67712  0.58857   0.8843  0.65164 0.602410 0.684211 0.5000000 0.714286
Neg Pred Value        0.95412  0.98321   0.7522  0.95290 0.994720 0.998416 0.9992081 0.997519
Precision             0.67712  0.58857   0.8843  0.65164 0.602410 0.684211 0.5000000 0.714286
Recall                0.49827  0.38148   0.9430  0.54985 0.485437 0.448276 0.5294118 0.545455
F1                    0.57409  0.46292   0.9127  0.59643 0.537634 0.541667 0.5142857 0.618557
Prevalence            0.08567  0.02668   0.7713  0.09615 0.010178 0.002866 0.0016798 0.005435
Detection Rate        0.04269  0.01018   0.7274  0.05287 0.004941 0.001285 0.0008893 0.002964
Detection Prevalence  0.06304  0.01729   0.8225  0.08113 0.008202 0.001877 0.0017787 0.004150
Balanced Accuracy     0.73800  0.68709   0.7634  0.75929 0.741071 0.723841 0.7642605 0.772131
