Confusion Matrix and Statistics

          Reference
Prediction    0    1    2    3    4    5    6    7
         0  327    4  111   31    3    1    0    2
         1    7   72   28    6    0    1    1    1
         2  509  179 7508  628   67   13    5   30
         3   19   14  137  304    7    2    2    4
         4    4    1    9    1   26    0    0    0
         5    0    0    7    0    0   12    0    0
         6    0    0    2    1    0    0    8    0
         7    1    0    4    2    0    0    1   18

Overall Statistics
                                        
               Accuracy : 0.8177        
                 95% CI : (0.81, 0.8252)
    No Information Rate : 0.7713        
    P-Value [Acc > NIR] : < 2.2e-16     
                                        
                  Kappa : 0.4111        
                                        
 Mcnemar's Test P-Value : NA            

Statistics by Class:

                     Class: 0 Class: 1 Class: 2 Class: 3 Class: 4 Class: 5  Class: 6 Class: 7
Sensitivity           0.37716 0.266667   0.9618  0.31244 0.252427 0.413793 0.4705882 0.327273
Specificity           0.98357 0.995533   0.3816  0.97977 0.998503 0.999306 0.9997031 0.999205
Pos Pred Value        0.68267 0.620690   0.8399  0.62168 0.634146 0.631579 0.7272727 0.692308
Neg Pred Value        0.94399 0.980208   0.7477  0.93054 0.992360 0.998317 0.9991097 0.996334
Precision             0.68267 0.620690   0.8399  0.62168 0.634146 0.631579 0.7272727 0.692308
Recall                0.37716 0.266667   0.9618  0.31244 0.252427 0.413793 0.4705882 0.327273
F1                    0.48588 0.373057   0.8967  0.41587 0.361111 0.500000 0.5714286 0.444444
Prevalence            0.08567 0.026680   0.7713  0.09615 0.010178 0.002866 0.0016798 0.005435
Detection Rate        0.03231 0.007115   0.7419  0.03004 0.002569 0.001186 0.0007905 0.001779
Detection Prevalence  0.04733 0.011462   0.8833  0.04832 0.004051 0.001877 0.0010870 0.002569
Balanced Accuracy     0.68037 0.631100   0.6717  0.64611 0.625465 0.706550 0.7351456 0.663239
