Confusion Matrix and Statistics

          Reference
Prediction    0    1    2    3    4    5    6
         0  142   46   10    0    1    0    1
         1  114 7504  390   42    9   10   24
         2   12  230  563   12    1    0    3
         3    1   17    4   50    0    0    0
         4    0    4    2    2   19    2    0
         5    0    3    0    0    0    5    1
         6    2   15    5    1    0    0   27

Overall Statistics
                                          
               Accuracy : 0.8961          
                 95% CI : (0.8897, 0.9022)
    No Information Rate : 0.8431          
    P-Value [Acc > NIR] : < 2.2e-16       
                                          
                  Kappa : 0.5911          
                                          
 Mcnemar's Test P-Value : NA              

Statistics by Class:

                     Class: 0 Class: 1 Class: 2 Class: 3 Class: 4  Class: 5 Class: 6
Sensitivity           0.52399   0.9597  0.57803 0.467290 0.633333 0.2941176 0.482143
Specificity           0.99356   0.5952  0.96892 0.997600 0.998918 0.9995679 0.997505
Pos Pred Value        0.71000   0.9272  0.68575 0.694444 0.655172 0.5555556 0.540000
Neg Pred Value        0.98578   0.7333  0.95138 0.993806 0.998810 0.9987048 0.996856
Precision             0.71000   0.9272  0.68575 0.694444 0.655172 0.5555556 0.540000
Recall                0.52399   0.9597  0.57803 0.467290 0.633333 0.2941176 0.482143
F1                    0.60297   0.9432  0.62730 0.558659 0.644068 0.3846154 0.509434
Prevalence            0.02922   0.8431  0.10502 0.011538 0.003235 0.0018331 0.006038
Detection Rate        0.01531   0.8091  0.06071 0.005391 0.002049 0.0005391 0.002911
Detection Prevalence  0.02157   0.8727  0.08853 0.007764 0.003127 0.0009705 0.005391
Balanced Accuracy     0.75877   0.7775  0.77347 0.732445 0.816126 0.6468428 0.739824
