Confusion Matrix and Statistics

          Reference
Prediction    0    1    2    3    4    5    6    7
         0  254    6   72   28    2    1    0    2
         1    5   62   20    3    0    0    0    0
         2  583  194 7597  639   68   16   13   36
         3   21    7   98  300    5    0    0    1
         4    3    0    7    1   28    0    0    0
         5    0    0    6    0    0   12    0    0
         6    0    0    2    1    0    0    4    0
         7    1    1    4    1    0    0    0   16

Overall Statistics
                                         
               Accuracy : 0.8175         
                 95% CI : (0.8098, 0.825)
    No Information Rate : 0.7713         
    P-Value [Acc > NIR] : < 2.2e-16      
                                         
                  Kappa : 0.3822         
                                         
 Mcnemar's Test P-Value : NA             

Statistics by Class:

                     Class: 0 Class: 1 Class: 2 Class: 3 Class: 4 Class: 5  Class: 6 Class: 7
Sensitivity           0.29296 0.229630   0.9732  0.30832 0.271845 0.413793 0.2352941 0.290909
Specificity           0.98800 0.997157   0.3306  0.98557 0.998902 0.999405 0.9997031 0.999305
Pos Pred Value        0.69589 0.688889   0.8306  0.69444 0.717949 0.666667 0.5714286 0.695652
Neg Pred Value        0.93716 0.979262   0.7854  0.93053 0.992560 0.998317 0.9987145 0.996137
Precision             0.69589 0.688889   0.8306  0.69444 0.717949 0.666667 0.5714286 0.695652
Recall                0.29296 0.229630   0.9732  0.30832 0.271845 0.413793 0.2352941 0.290909
F1                    0.41234 0.344444   0.8963  0.42705 0.394366 0.510638 0.3333333 0.410256
Prevalence            0.08567 0.026680   0.7713  0.09615 0.010178 0.002866 0.0016798 0.005435
Detection Rate        0.02510 0.006126   0.7507  0.02964 0.002767 0.001186 0.0003953 0.001581
Detection Prevalence  0.03607 0.008893   0.9038  0.04269 0.003854 0.001779 0.0006917 0.002273
Balanced Accuracy     0.64048 0.613393   0.6519  0.64695 0.635373 0.706599 0.6174986 0.645107
