Confusion Matrix and Statistics

          Reference
Prediction    0    1    2    3    4    5    6    7
         0  269    5   85   25    2    2    0    1
         1    5   50   23    3    0    0    0    0
         2  570  211 7586  653   73   20    8   35
         3   21    4   95  290    5    0    4    3
         4    1    0    7    1   23    0    0    0
         5    0    0    3    0    0    7    0    0
         6    0    0    4    0    0    0    5    0
         7    1    0    3    1    0    0    0   16

Overall Statistics
                                          
               Accuracy : 0.8148          
                 95% CI : (0.8071, 0.8223)
    No Information Rate : 0.7713          
    P-Value [Acc > NIR] : < 2.2e-16       
                                          
                  Kappa : 0.3714          
                                          
 Mcnemar's Test P-Value : NA              

Statistics by Class:

                     Class: 0 Class: 1 Class: 2 Class: 3 Class: 4  Class: 5  Class: 6 Class: 7
Sensitivity           0.31027 0.185185   0.9718  0.29805 0.223301 0.2413793 0.2941176 0.290909
Specificity           0.98703 0.996853   0.3215  0.98557 0.999102 0.9997027 0.9996041 0.999503
Pos Pred Value        0.69152 0.617284   0.8285  0.68720 0.718750 0.7000000 0.5555556 0.761905
Neg Pred Value        0.93855 0.978085   0.7718  0.92957 0.992070 0.9978239 0.9988132 0.996138
Precision             0.69152 0.617284   0.8285  0.68720 0.718750 0.7000000 0.5555556 0.761905
Recall                0.31027 0.185185   0.9718  0.29805 0.223301 0.2413793 0.2941176 0.290909
F1                    0.42834 0.284900   0.8945  0.41577 0.340741 0.3589744 0.3846154 0.421053
Prevalence            0.08567 0.026680   0.7713  0.09615 0.010178 0.0028656 0.0016798 0.005435
Detection Rate        0.02658 0.004941   0.7496  0.02866 0.002273 0.0006917 0.0004941 0.001581
Detection Prevalence  0.03844 0.008004   0.9047  0.04170 0.003162 0.0009881 0.0008893 0.002075
Balanced Accuracy     0.64865 0.591019   0.6467  0.64181 0.611201 0.6205410 0.6468609 0.645206
