Confusion Matrix and Statistics

          Reference
Prediction    0    1    2    3    4    5    6    7
         0  296   21  104   27    2    3    0    2
         1    6   45   18    2    0    0    0    0
         2  525  192 7546  609   76   23   14   35
         3   37   12  132  335   10    1    3    7
         4    2    0    2    0   15    0    0    0
         5    0    0    3    0    0    2    0    0
         6    0    0    0    0    0    0    0    0
         7    1    0    1    0    0    0    0   11

Overall Statistics
                                          
               Accuracy : 0.8152          
                 95% CI : (0.8075, 0.8227)
    No Information Rate : 0.7713          
    P-Value [Acc > NIR] : < 2.2e-16       
                                          
                  Kappa : 0.3908          
                                          
 Mcnemar's Test P-Value : NA              

Statistics by Class:

                     Class: 0 Class: 1 Class: 2 Class: 3 Class: 4  Class: 5 Class: 6 Class: 7
Sensitivity           0.34141 0.166667   0.9667  0.34430 0.145631 0.0689655  0.00000 0.200000
Specificity           0.98282 0.997360   0.3630  0.97792 0.999601 0.9997027  1.00000 0.999801
Pos Pred Value        0.65055 0.633803   0.8366  0.62384 0.789474 0.4000000      NaN 0.846154
Neg Pred Value        0.94092 0.977610   0.7636  0.93342 0.991288 0.9973307  0.99832 0.995647
Precision             0.65055 0.633803   0.8366  0.62384 0.789474 0.4000000       NA 0.846154
Recall                0.34141 0.166667   0.9667  0.34430 0.145631 0.0689655  0.00000 0.200000
F1                    0.44781 0.263930   0.8969  0.44371 0.245902 0.1176471       NA 0.323529
Prevalence            0.08567 0.026680   0.7713  0.09615 0.010178 0.0028656  0.00168 0.005435
Detection Rate        0.02925 0.004447   0.7457  0.03310 0.001482 0.0001976  0.00000 0.001087
Detection Prevalence  0.04496 0.007016   0.8913  0.05306 0.001877 0.0004941  0.00000 0.001285
Balanced Accuracy     0.66211 0.582014   0.6649  0.66111 0.572616 0.5343341  0.50000 0.599901
