Confusion Matrix and Statistics

          Reference
Prediction    0    1    2    3    4    5    6    7
         0  416   12  130   41    4    2    0    4
         1   10  111   43    7    0    1    0    1
         2  391  131 7388  428   59   13    5   21
         3   44   11  199  493    5    0    2    5
         4    2    3   22    1   35    0    0    0
         5    2    1    8    0    0   13    0    2
         6    1    0    6    2    0    0    9    0
         7    1    1   10    1    0    0    1   22

Overall Statistics
                                          
               Accuracy : 0.8386          
                 95% CI : (0.8313, 0.8458)
    No Information Rate : 0.7713          
    P-Value [Acc > NIR] : < 2.2e-16       
                                          
                  Kappa : 0.531           
                                          
 Mcnemar's Test P-Value : NA              

Statistics by Class:

                     Class: 0 Class: 1 Class: 2 Class: 3 Class: 4 Class: 5  Class: 6 Class: 7
Sensitivity           0.47982  0.41111   0.9465  0.50668 0.339806 0.448276 0.5294118 0.400000
Specificity           0.97914  0.99371   0.5471  0.97092 0.997205 0.998712 0.9991092 0.998609
Pos Pred Value        0.68309  0.64162   0.8758  0.64954 0.555556 0.500000 0.5000000 0.611111
Neg Pred Value        0.95258  0.98402   0.7518  0.94872 0.993239 0.998415 0.9992081 0.996727
Precision             0.68309  0.64162   0.8758  0.64954 0.555556 0.500000 0.5000000 0.611111
Recall                0.47982  0.41111   0.9465  0.50668 0.339806 0.448276 0.5294118 0.400000
F1                    0.56369  0.50113   0.9097  0.56928 0.421687 0.472727 0.5142857 0.483516
Prevalence            0.08567  0.02668   0.7713  0.09615 0.010178 0.002866 0.0016798 0.005435
Detection Rate        0.04111  0.01097   0.7300  0.04872 0.003458 0.001285 0.0008893 0.002174
Detection Prevalence  0.06018  0.01709   0.8336  0.07500 0.006225 0.002569 0.0017787 0.003557
Balanced Accuracy     0.72948  0.70241   0.7468  0.73880 0.668505 0.723494 0.7642605 0.699305
