Confusion Matrix and Statistics

          Reference
Prediction    0    1    2    3    4    5    6    7
         0  436   17  162   48    4    1    0    2
         1    7   89   41    7    0    2    0    1
         2  382  147 7351  414   49   10    5   27
         3   37   14  212  498    3    2    3    2
         4    3    2   16    2   47    0    1    0
         5    0    0    9    0    0   14    0    1
         6    1    0    5    1    0    0    6    0
         7    1    1   10    3    0    0    2   22

Overall Statistics
                                          
               Accuracy : 0.8363          
                 95% CI : (0.8289, 0.8434)
    No Information Rate : 0.7713          
    P-Value [Acc > NIR] : < 2.2e-16       
                                          
                  Kappa : 0.5287          
                                          
 Mcnemar's Test P-Value : NA              

Statistics by Class:

                     Class: 0 Class: 1 Class: 2 Class: 3 Class: 4 Class: 5  Class: 6 Class: 7
Sensitivity           0.50288 0.329630   0.9417  0.51182 0.456311 0.482759 0.3529412 0.400000
Specificity           0.97471 0.994112   0.5532  0.97015 0.997604 0.999009 0.9993071 0.998311
Pos Pred Value        0.65075 0.605442   0.8767  0.64591 0.661972 0.583333 0.4615385 0.564103
Neg Pred Value        0.95439 0.981851   0.7378  0.94919 0.994427 0.998514 0.9989116 0.996727
Precision             0.65075 0.605442   0.8767  0.64591 0.661972 0.583333 0.4615385 0.564103
Recall                0.50288 0.329630   0.9417  0.51182 0.456311 0.482759 0.3529412 0.400000
F1                    0.56734 0.426859   0.9080  0.57110 0.540230 0.528302 0.4000000 0.468085
Prevalence            0.08567 0.026680   0.7713  0.09615 0.010178 0.002866 0.0016798 0.005435
Detection Rate        0.04308 0.008794   0.7264  0.04921 0.004644 0.001383 0.0005929 0.002174
Detection Prevalence  0.06621 0.014526   0.8286  0.07619 0.007016 0.002372 0.0012846 0.003854
Balanced Accuracy     0.73880 0.661871   0.7474  0.74099 0.726957 0.740884 0.6761242 0.699155
