Confusion Matrix and Statistics

          Reference
Prediction    0    1    2    3    4    5    6    7
         0  428   15  146   33    3    1    1    5
         1   15   96   44    8    2    1    0    0
         2  373  139 7416  423   47   13   10   24
         3   48   17  177  506    5    2    1    0
         4    0    0   14    1   46    0    0    0
         5    1    0    4    0    0   12    0    0
         6    0    0    2    0    0    0    5    0
         7    2    3    4    2    0    0    0   26

Overall Statistics
                                          
               Accuracy : 0.8433          
                 95% CI : (0.8361, 0.8503)
    No Information Rate : 0.7714          
    P-Value [Acc > NIR] : < 2.2e-16       
                                          
                  Kappa : 0.5436          
                                          
 Mcnemar's Test P-Value : NA              

Statistics by Class:

                     Class: 0 Class: 1 Class: 2 Class: 3 Class: 4 Class: 5  Class: 6 Class: 7
Sensitivity           0.49366 0.355556   0.9499  0.52004 0.446602 0.413793 0.2941176 0.472727
Specificity           0.97796 0.992894   0.5553  0.97267 0.998503 0.999505 0.9998021 0.998907
Pos Pred Value        0.67722 0.578313   0.8782  0.66931 0.754098 0.705882 0.7142857 0.702703
Neg Pred Value        0.95374 0.982521   0.7667  0.95013 0.994334 0.998317 0.9988135 0.997124
Precision             0.67722 0.578313   0.8782  0.66931 0.754098 0.705882 0.7142857 0.702703
Recall                0.49366 0.355556   0.9499  0.52004 0.446602 0.413793 0.2941176 0.472727
F1                    0.57105 0.440367   0.9126  0.58531 0.560976 0.521739 0.4166667 0.565217
Prevalence            0.08566 0.026677   0.7714  0.09614 0.010177 0.002865 0.0016797 0.005434
Detection Rate        0.04229 0.009485   0.7327  0.05000 0.004545 0.001186 0.0004940 0.002569
Detection Prevalence  0.06244 0.016402   0.8344  0.07470 0.006027 0.001680 0.0006916 0.003656
Balanced Accuracy     0.73581 0.674225   0.7526  0.74636 0.722552 0.706649 0.6469599 0.735817
