Confusion Matrix and Statistics

          Reference
Prediction    0    1    2    3    4    5    6
         0  137   78   14    1    2    0    1
         1  113 7412  361   47    9   10   24
         2   14  280  590    8    0    0    3
         3    2   24    2   50    0    0    0
         4    2    6    3    1   19    2    1
         5    0    6    1    0    0    4    0
         6    3   13    3    0    0    1   27

Overall Statistics
                                          
               Accuracy : 0.8884          
                 95% CI : (0.8818, 0.8947)
    No Information Rate : 0.8431          
    P-Value [Acc > NIR] : < 2.2e-16       
                                          
                  Kappa : 0.5771          
                                          
 Mcnemar's Test P-Value : NA              

Statistics by Class:

                     Class: 0 Class: 1 Class: 2 Class: 3 Class: 4  Class: 5 Class: 6
Sensitivity           0.50554   0.9479  0.60575 0.467290 0.633333 0.2352941 0.482143
Specificity           0.98934   0.6124  0.96325 0.996946 0.998377 0.9992438 0.997830
Pos Pred Value        0.58798   0.9293  0.65922 0.641026 0.558824 0.3636364 0.574468
Neg Pred Value        0.98518   0.6864  0.95417 0.993802 0.998810 0.9985966 0.996857
Precision             0.58798   0.9293  0.65922 0.641026 0.558824 0.3636364 0.574468
Recall                0.50554   0.9479  0.60575 0.467290 0.633333 0.2352941 0.482143
F1                    0.54365   0.9385  0.63135 0.540541 0.593750 0.2857143 0.524272
Prevalence            0.02922   0.8431  0.10502 0.011538 0.003235 0.0018331 0.006038
Detection Rate        0.01477   0.7992  0.06362 0.005391 0.002049 0.0004313 0.002911
Detection Prevalence  0.02512   0.8600  0.09651 0.008411 0.003666 0.0011861 0.005068
Balanced Accuracy     0.74744   0.7802  0.78450 0.732118 0.815855 0.6172690 0.739987
