Confusion Matrix and Statistics

          Reference
Prediction    0    1    2    3    4    5    6
         0  124   64   16    1    1    0    2
         1  128 7467  422   49    8   10   26
         2   15  240  528    9    2    0    5
         3    1   18    1   48    1    0    0
         4    0    4    3    0   17    2    1
         5    0    6    1    0    0    5    0
         6    3   20    3    0    1    0   22

Overall Statistics
                                          
               Accuracy : 0.8854          
                 95% CI : (0.8787, 0.8918)
    No Information Rate : 0.8431          
    P-Value [Acc > NIR] : < 2.2e-16       
                                          
                  Kappa : 0.5467          
                                          
 Mcnemar's Test P-Value : NA              

Statistics by Class:

                     Class: 0 Class: 1 Class: 2 Class: 3 Class: 4  Class: 5 Class: 6
Sensitivity           0.45756   0.9550  0.54209 0.448598 0.566667 0.2941176 0.392857
Specificity           0.99067   0.5581  0.96735 0.997709 0.998918 0.9992438 0.997071
Pos Pred Value        0.59615   0.9207  0.66083 0.695652 0.629630 0.4166667 0.448980
Neg Pred Value        0.98379   0.6976  0.94737 0.993590 0.998594 0.9987044 0.996314
Precision             0.59615   0.9207  0.66083 0.695652 0.629630 0.4166667 0.448980
Recall                0.45756   0.9550  0.54209 0.448598 0.566667 0.2941176 0.392857
F1                    0.51775   0.9375  0.59560 0.545455 0.596491 0.3448276 0.419048
Prevalence            0.02922   0.8431  0.10502 0.011538 0.003235 0.0018331 0.006038
Detection Rate        0.01337   0.8052  0.05693 0.005176 0.001833 0.0005391 0.002372
Detection Prevalence  0.02243   0.8745  0.08615 0.007440 0.002911 0.0012939 0.005284
Balanced Accuracy     0.72412   0.7565  0.75472 0.723154 0.782792 0.6466807 0.694964
