Confusion Matrix and Statistics

          Reference
Prediction    0    1    2    3    4    5    6    7
         0  387    9  127   37    3    0    0    1
         1    8  115   56   10    2    0    1    3
         2  427  126 7383  448   51   16    6   24
         3   43   18  213  471    2    1    1    2
         4    1    2   14    4   44    0    0    1
         5    0    0    4    0    1   12    0    0
         6    0    0    5    0    0    0    9    1
         7    1    0    4    3    0    0    0   23

Overall Statistics
                                         
               Accuracy : 0.8344         
                 95% CI : (0.827, 0.8416)
    No Information Rate : 0.7713         
    P-Value [Acc > NIR] : < 2.2e-16      
                                         
                  Kappa : 0.5144         
                                         
 Mcnemar's Test P-Value : NA             

Statistics by Class:

                     Class: 0 Class: 1 Class: 2 Class: 3 Class: 4 Class: 5  Class: 6 Class: 7
Sensitivity           0.44637  0.42593   0.9458  0.48407 0.427184 0.413793 0.5294118 0.418182
Specificity           0.98087  0.99188   0.5255  0.96939 0.997804 0.999505 0.9994061 0.999205
Pos Pred Value        0.68617  0.58974   0.8705  0.62716 0.666667 0.705882 0.6000000 0.741935
Neg Pred Value        0.94977  0.98438   0.7419  0.94642 0.994132 0.998317 0.9992083 0.996828
Precision             0.68617  0.58974   0.8705  0.62716 0.666667 0.705882 0.6000000 0.741935
Recall                0.44637  0.42593   0.9458  0.48407 0.427184 0.413793 0.5294118 0.418182
F1                    0.54088  0.49462   0.9066  0.54640 0.520710 0.521739 0.5625000 0.534884
Prevalence            0.08567  0.02668   0.7713  0.09615 0.010178 0.002866 0.0016798 0.005435
Detection Rate        0.03824  0.01136   0.7295  0.04654 0.004348 0.001186 0.0008893 0.002273
Detection Prevalence  0.05573  0.01927   0.8380  0.07421 0.006522 0.001680 0.0014822 0.003063
Balanced Accuracy     0.71362  0.70890   0.7357  0.72673 0.712494 0.706649 0.7644089 0.708693
