Confusion Matrix and Statistics

          Reference
Prediction    0    1    2    3    4    5    6    7
         0  199   10   51   21    2    0    0    2
         1    2   29    7    0    0    0    0    0
         2  644  221 7668  719   84   25   14   37
         3   20   10   76  232    3    1    3    2
         4    1    0    2    0   14    0    0    0
         5    0    0    0    0    0    3    0    0
         6    0    0    0    0    0    0    0    0
         7    1    0    2    1    0    0    0   14

Overall Statistics
                                          
               Accuracy : 0.8062          
                 95% CI : (0.7984, 0.8139)
    No Information Rate : 0.7713          
    P-Value [Acc > NIR] : < 2.2e-16       
                                          
                  Kappa : 0.2999          
                                          
 Mcnemar's Test P-Value : NA              

Statistics by Class:

                     Class: 0 Class: 1 Class: 2 Class: 3 Class: 4  Class: 5 Class: 6 Class: 7
Sensitivity           0.22953 0.107407   0.9823  0.23844 0.135922 0.1034483  0.00000 0.254545
Specificity           0.99071 0.999086   0.2463  0.98743 0.999701 1.0000000  1.00000 0.999603
Pos Pred Value        0.69825 0.763158   0.8147  0.66859 0.823529 1.0000000      NaN 0.777778
Neg Pred Value        0.93208 0.976096   0.8051  0.92418 0.991191 0.9974301  0.99832 0.995941
Precision             0.69825 0.763158   0.8147  0.66859 0.823529 1.0000000       NA 0.777778
Recall                0.22953 0.107407   0.9823  0.23844 0.135922 0.1034483  0.00000 0.254545
F1                    0.34549 0.188312   0.8907  0.35152 0.233333 0.1875000       NA 0.383562
Prevalence            0.08567 0.026680   0.7713  0.09615 0.010178 0.0028656  0.00168 0.005435
Detection Rate        0.01966 0.002866   0.7577  0.02292 0.001383 0.0002964  0.00000 0.001383
Detection Prevalence  0.02816 0.003755   0.9300  0.03429 0.001680 0.0002964  0.00000 0.001779
Balanced Accuracy     0.61012 0.553247   0.6143  0.61293 0.567811 0.5517241  0.50000 0.627074
