Confusion Matrix and Statistics

          Reference
Prediction    0    1    2    3    4    5    6    7
         0  217    9   96   30    4    1    0    0
         1    7   45   18    3    0    0    0    2
         2  599  194 7543  652   80   19   14   39
         3   40   21  141  288    7    3    1    4
         4    3    1    5    0   12    0    0    0
         5    0    0    2    0    0    6    0    0
         6    0    0    1    0    0    0    1    0
         7    1    0    0    0    0    0    1   10

Overall Statistics
                                          
               Accuracy : 0.8026          
                 95% CI : (0.7947, 0.8103)
    No Information Rate : 0.7713          
    P-Value [Acc > NIR] : 1.553e-14       
                                          
                  Kappa : 0.3314          
                                          
 Mcnemar's Test P-Value : NA              

Statistics by Class:

                     Class: 0 Class: 1 Class: 2 Class: 3 Class: 4  Class: 5  Class: 6  Class: 7
Sensitivity           0.25029 0.166667   0.9663  0.29599 0.116505 0.2068966 5.882e-02 0.1818182
Specificity           0.98487 0.996954   0.3099  0.97628 0.999102 0.9998018 9.999e-01 0.9998013
Pos Pred Value        0.60784 0.600000   0.8253  0.57030 0.571429 0.7500000 5.000e-01 0.8333333
Neg Pred Value        0.93342 0.977601   0.7316  0.92876 0.990989 0.9977255 9.984e-01 0.9955481
Precision             0.60784 0.600000   0.8253  0.57030 0.571429 0.7500000 5.000e-01 0.8333333
Recall                0.25029 0.166667   0.9663  0.29599 0.116505 0.2068966 5.882e-02 0.1818182
F1                    0.35458 0.260870   0.8902  0.38972 0.193548 0.3243243 1.053e-01 0.2985075
Prevalence            0.08567 0.026680   0.7713  0.09615 0.010178 0.0028656 1.680e-03 0.0054348
Detection Rate        0.02144 0.004447   0.7454  0.02846 0.001186 0.0005929 9.881e-05 0.0009881
Detection Prevalence  0.03528 0.007411   0.9032  0.04990 0.002075 0.0007905 1.976e-04 0.0011858
Balanced Accuracy     0.61758 0.581810   0.6381  0.63613 0.557803 0.6033492 5.294e-01 0.5908097
