Confusion Matrix and Statistics

          Reference
Prediction    0    1    2    3    4    5    6    7
         0  388   12  132   35    3    0    0    4
         1    7   78   32    8    0    1    0    1
         2  447  167 7501  523   62   18   11   31
         3   22   12  127  403    6    2    4    1
         4    2    1    9    4   32    0    0    0
         5    0    0    0    0    0    8    0    1
         6    0    0    2    0    0    0    2    0
         7    1    0    3    0    0    0    0   17

Overall Statistics
                                          
               Accuracy : 0.8329          
                 95% CI : (0.8255, 0.8401)
    No Information Rate : 0.7713          
    P-Value [Acc > NIR] : < 2.2e-16       
                                          
                  Kappa : 0.4804          
                                          
 Mcnemar's Test P-Value : NA              

Statistics by Class:

                     Class: 0 Class: 1 Class: 2 Class: 3 Class: 4  Class: 5  Class: 6 Class: 7
Sensitivity           0.44752 0.288889   0.9609  0.41418 0.310680 0.2758621 0.1176471 0.309091
Specificity           0.97990 0.995025   0.4559  0.98098 0.998403 0.9999009 0.9998020 0.999603
Pos Pred Value        0.67596 0.614173   0.8563  0.69844 0.666667 0.8888889 0.5000000 0.809524
Neg Pred Value        0.94982 0.980787   0.7757  0.94027 0.992951 0.9979231 0.9985172 0.996237
Precision             0.67596 0.614173   0.8563  0.69844 0.666667 0.8888889 0.5000000 0.809524
Recall                0.44752 0.288889   0.9609  0.41418 0.310680 0.2758621 0.1176471 0.309091
F1                    0.53851 0.392947   0.9056  0.52000 0.423841 0.4210526 0.1904762 0.447368
Prevalence            0.08567 0.026680   0.7713  0.09615 0.010178 0.0028656 0.0016798 0.005435
Detection Rate        0.03834 0.007708   0.7412  0.03982 0.003162 0.0007905 0.0001976 0.001680
Detection Prevalence  0.05672 0.012549   0.8656  0.05702 0.004743 0.0008893 0.0003953 0.002075
Balanced Accuracy     0.71371 0.641957   0.7084  0.69758 0.654541 0.6378815 0.5587245 0.654347
