Confusion Matrix and Statistics

          Reference
Prediction    0    1    2    3    4    5    6
         0  133   53    7    2    2    0    0
         1  122 7388  360   43   10   10   25
         2   11  328  600   10    1    0    7
         3    1   34    1   48    0    0    1
         4    1    5    1    2   16    2    0
         5    0    3    0    1    0    4    1
         6    3    8    5    1    1    1   22

Overall Statistics
                                          
               Accuracy : 0.8854          
                 95% CI : (0.8787, 0.8918)
    No Information Rate : 0.8431          
    P-Value [Acc > NIR] : < 2.2e-16       
                                          
                  Kappa : 0.5673          
                                          
 Mcnemar's Test P-Value : NA              

Statistics by Class:

                     Class: 0 Class: 1 Class: 2 Class: 3 Class: 4  Class: 5 Class: 6
Sensitivity           0.49077   0.9449   0.6160 0.448598 0.533333 0.2352941 0.392857
Specificity           0.99289   0.6082   0.9570 0.995964 0.998810 0.9994599 0.997939
Pos Pred Value        0.67513   0.9284   0.6270 0.564706 0.592593 0.4444444 0.536585
Neg Pred Value        0.98480   0.6725   0.9550 0.993579 0.998486 0.9985969 0.996318
Precision             0.67513   0.9284   0.6270 0.564706 0.592593 0.4444444 0.536585
Recall                0.49077   0.9449   0.6160 0.448598 0.533333 0.2352941 0.392857
F1                    0.56838   0.9366   0.6214 0.500000 0.561404 0.3076923 0.453608
Prevalence            0.02922   0.8431   0.1050 0.011538 0.003235 0.0018331 0.006038
Detection Rate        0.01434   0.7966   0.0647 0.005176 0.001725 0.0004313 0.002372
Detection Prevalence  0.02124   0.8581   0.1032 0.009165 0.002911 0.0009705 0.004421
Balanced Accuracy     0.74183   0.7766   0.7865 0.722281 0.766072 0.6173770 0.695398
