Confusion Matrix and Statistics

          Reference
Prediction    0    1    2    3    4    5    6    7
         0  305    8  110   41    2    1    0    2
         1    8   66   30    5    0    0    0    0
         2  532  186 7554  643   66   18   10   36
         3   18    8   79  274    2    0    0    0
         4    3    1   15    5   33    0    0    0
         5    0    0    3    2    0   10    0    0
         6    0    0    7    2    0    0    6    0
         7    1    1    8    1    0    0    1   17

Overall Statistics
                                         
               Accuracy : 0.8167         
                 95% CI : (0.809, 0.8242)
    No Information Rate : 0.7713         
    P-Value [Acc > NIR] : < 2.2e-16      
                                         
                  Kappa : 0.3943         
                                         
 Mcnemar's Test P-Value : NA             

Statistics by Class:

                     Class: 0 Class: 1 Class: 2 Class: 3 Class: 4  Class: 5  Class: 6 Class: 7
Sensitivity           0.35179 0.244444   0.9677  0.28160 0.320388 0.3448276 0.3529412 0.309091
Specificity           0.98228 0.995635   0.3557  0.98830 0.997604 0.9995045 0.9991092 0.998808
Pos Pred Value        0.65032 0.605505   0.8352  0.71916 0.578947 0.6666667 0.4000000 0.586207
Neg Pred Value        0.94177 0.979622   0.7656  0.92823 0.993044 0.9981197 0.9989114 0.996234
Precision             0.65032 0.605505   0.8352  0.71916 0.578947 0.6666667 0.4000000 0.586207
Recall                0.35179 0.244444   0.9677  0.28160 0.320388 0.3448276 0.3529412 0.309091
F1                    0.45659 0.348285   0.8966  0.40473 0.412500 0.4545455 0.3750000 0.404762
Prevalence            0.08567 0.026680   0.7713  0.09615 0.010178 0.0028656 0.0016798 0.005435
Detection Rate        0.03014 0.006522   0.7464  0.02708 0.003261 0.0009881 0.0005929 0.001680
Detection Prevalence  0.04634 0.010771   0.8938  0.03765 0.005632 0.0014822 0.0014822 0.002866
Balanced Accuracy     0.66703 0.620039   0.6617  0.63495 0.658996 0.6721660 0.6760252 0.653949
