Confusion Matrix and Statistics

          Reference
Prediction    0    1    2    3    4    5    6    7
         0  112    3   24    6    3    0    0    0
         1    0    6    1    0    0    0    0    0
         2  748  255 7726  811   90   28   17   47
         3    6    6   55  156    6    1    0    1
         4    0    0    0    0    4    0    0    0
         5    0    0    0    0    0    0    0    0
         6    0    0    0    0    0    0    0    0
         7    1    0    0    0    0    0    0    7

Overall Statistics
                                          
               Accuracy : 0.7916          
                 95% CI : (0.7836, 0.7995)
    No Information Rate : 0.7713          
    P-Value [Acc > NIR] : 5.022e-07       
                                          
                  Kappa : 0.1844          
                                          
 Mcnemar's Test P-Value : NA              

Statistics by Class:

                     Class: 0  Class: 1 Class: 2 Class: 3  Class: 4 Class: 5 Class: 6  Class: 7
Sensitivity           0.12918 0.0222222   0.9898  0.16033 0.0388350 0.000000  0.00000 0.1272727
Specificity           0.99611 0.9998985   0.1374  0.99180 1.0000000 1.000000  1.00000 0.9999006
Pos Pred Value        0.75676 0.8571429   0.7947  0.67532 1.0000000      NaN      NaN 0.8750000
Neg Pred Value        0.92429 0.9738950   0.7990  0.91738 0.9902135 0.997134  0.99832 0.9952532
Precision             0.75676 0.8571429   0.7947  0.67532 1.0000000       NA       NA 0.8750000
Recall                0.12918 0.0222222   0.9898  0.16033 0.0388350 0.000000  0.00000 0.1272727
F1                    0.22069 0.0433213   0.8816  0.25914 0.0747664       NA       NA 0.2222222
Prevalence            0.08567 0.0266798   0.7713  0.09615 0.0101779 0.002866  0.00168 0.0054348
Detection Rate        0.01107 0.0005929   0.7634  0.01542 0.0003953 0.000000  0.00000 0.0006917
Detection Prevalence  0.01462 0.0006917   0.9607  0.02283 0.0003953 0.000000  0.00000 0.0007905
Balanced Accuracy     0.56265 0.5110603   0.5636  0.57606 0.5194175 0.500000  0.50000 0.5635867
