Confusion Matrix and Statistics

          Reference
Prediction    0    1    2    3    4    5    6    7
         0  487   10  159   37    3    0    0    3
         1   16  131   47    9    0    0    0    1
         2  317  111 7360  355   46   13    6   19
         3   43   14  207  563    6    3    2    3
         4    3    1   23    3   48    0    0    0
         5    0    1    0    1    0   13    0    0
         6    0    0    4    3    0    0    9    0
         7    1    2    7    2    0    0    0   29

Overall Statistics
                                          
               Accuracy : 0.8537          
                 95% CI : (0.8466, 0.8605)
    No Information Rate : 0.7714          
    P-Value [Acc > NIR] : < 2.2e-16       
                                          
                  Kappa : 0.5918          
                                          
 Mcnemar's Test P-Value : NA              

Statistics by Class:

                     Class: 0 Class: 1 Class: 2 Class: 3 Class: 4 Class: 5  Class: 6 Class: 7
Sensitivity           0.56171  0.48519   0.9427  0.57862 0.466019 0.448276 0.5294118 0.527273
Specificity           0.97709  0.99259   0.6253  0.96961 0.997005 0.999802 0.9993072 0.998808
Pos Pred Value        0.69671  0.64216   0.8946  0.66944 0.615385 0.866667 0.5625000 0.707317
Neg Pred Value        0.95967  0.98598   0.7640  0.95582 0.994524 0.998417 0.9992083 0.997421
Precision             0.69671  0.64216   0.8946  0.66944 0.615385 0.866667 0.5625000 0.707317
Recall                0.56171  0.48519   0.9427  0.57862 0.466019 0.448276 0.5294118 0.527273
F1                    0.62197  0.55274   0.9180  0.62073 0.530387 0.590909 0.5454545 0.604167
Prevalence            0.08566  0.02668   0.7714  0.09614 0.010177 0.002865 0.0016797 0.005434
Detection Rate        0.04812  0.01294   0.7272  0.05563 0.004743 0.001284 0.0008892 0.002865
Detection Prevalence  0.06906  0.02016   0.8129  0.08309 0.007707 0.001482 0.0015809 0.004051
Balanced Accuracy     0.76940  0.73889   0.7840  0.77412 0.731512 0.724039 0.7643595 0.763040
