Confusion Matrix and Statistics

          Reference
Prediction    0    1    2    3    4    5    6
         0   43   11    1    2    0    0    0
         1  125 7152  408   43   10    8   27
         2   97  618  561   27   10    5   22
         3    3   28    2   34    1    0    1
         4    2    7    1    0    9    1    0
         5    1    1    0    0    0    3    0
         6    0    2    1    1    0    0    6

Overall Statistics
                                          
               Accuracy : 0.8419          
                 95% CI : (0.8343, 0.8493)
    No Information Rate : 0.8431          
    P-Value [Acc > NIR] : 0.6298          
                                          
                  Kappa : 0.4312          
                                          
 Mcnemar's Test P-Value : NA              

Statistics by Class:

                     Class: 0 Class: 1 Class: 2 Class: 3  Class: 4  Class: 5 Class: 6
Sensitivity          0.158672   0.9147  0.57598 0.317757 0.3000000 0.1764706 0.107143
Specificity          0.998445   0.5732  0.90614 0.996182 0.9988100 0.9997839 0.999566
Pos Pred Value       0.754386   0.9201  0.41866 0.492754 0.4500000 0.6000000 0.600000
Neg Pred Value       0.975263   0.5556  0.94795 0.992070 0.9977307 0.9984896 0.994603
Precision            0.754386   0.9201  0.41866 0.492754 0.4500000 0.6000000 0.600000
Recall               0.158672   0.9147  0.57598 0.317757 0.3000000 0.1764706 0.107143
F1                   0.262195   0.9174  0.48487 0.386364 0.3600000 0.2727273 0.181818
Prevalence           0.029221   0.8431  0.10502 0.011538 0.0032349 0.0018331 0.006038
Detection Rate       0.004637   0.7712  0.06049 0.003666 0.0009705 0.0003235 0.000647
Detection Prevalence 0.006146   0.8381  0.14449 0.007440 0.0021566 0.0005391 0.001078
Balanced Accuracy    0.578558   0.7439  0.74106 0.656969 0.6494050 0.5881273 0.553354
