Confusion Matrix and Statistics

          Reference
Prediction    0    1    2    3    4    5    6
         0  136   73   18    3    1    0    2
         1  121 7415  397   44   12   11   25
         2   13  275  548    5    1    0    5
         3    0   29    2   52    0    0    1
         4    0   10    2    1   16    2    0
         5    0    7    1    0    0    4    0
         6    1   10    6    2    0    0   23

Overall Statistics
                                        
               Accuracy : 0.8835        
                 95% CI : (0.8768, 0.89)
    No Information Rate : 0.8431        
    P-Value [Acc > NIR] : < 2.2e-16     
                                        
                  Kappa : 0.552         
                                        
 Mcnemar's Test P-Value : NA            

Statistics by Class:

                     Class: 0 Class: 1 Class: 2 Class: 3 Class: 4  Class: 5 Class: 6
Sensitivity           0.50185   0.9483  0.56263 0.485981 0.533333 0.2352941 0.410714
Specificity           0.98923   0.5808  0.96398 0.996509 0.998377 0.9991358 0.997939
Pos Pred Value        0.58369   0.9240  0.64699 0.619048 0.516129 0.3333333 0.547619
Neg Pred Value        0.98507   0.6765  0.94945 0.994015 0.998485 0.9985964 0.996425
Precision             0.58369   0.9240  0.64699 0.619048 0.516129 0.3333333 0.547619
Recall                0.50185   0.9483  0.56263 0.485981 0.533333 0.2352941 0.410714
F1                    0.53968   0.9360  0.60187 0.544503 0.524590 0.2758621 0.469388
Prevalence            0.02922   0.8431  0.10502 0.011538 0.003235 0.0018331 0.006038
Detection Rate        0.01466   0.7995  0.05909 0.005607 0.001725 0.0004313 0.002480
Detection Prevalence  0.02512   0.8653  0.09133 0.009058 0.003343 0.0012939 0.004529
Balanced Accuracy     0.74554   0.7645  0.76330 0.741245 0.765855 0.6172150 0.704327
