Confusion Matrix and Statistics

          Reference
Prediction    0    1    2    3    4    5    6    7
         0  341    6  111   34    3    1    0    0
         1    4   81   34    3    0    0    0    1
         2  487  169 7508  511   59   14    6   26
         3   31   10  124  416    3    0    1    4
         4    1    1   12    2   38    0    0    0
         5    2    1    6    1    0   14    0    1
         6    0    1    7    1    0    0   10    0
         7    1    1    4    5    0    0    0   23

Overall Statistics
                                          
               Accuracy : 0.8331          
                 95% CI : (0.8257, 0.8403)
    No Information Rate : 0.7713          
    P-Value [Acc > NIR] : < 2.2e-16       
                                          
                  Kappa : 0.4794          
                                          
 Mcnemar's Test P-Value : NA              

Statistics by Class:

                     Class: 0 Class: 1 Class: 2 Class: 3 Class: 4 Class: 5  Class: 6 Class: 7
Sensitivity           0.39331 0.300000   0.9618  0.42754 0.368932 0.482759 0.5882353 0.418182
Specificity           0.98325 0.995736   0.4503  0.98109 0.998403 0.998910 0.9991092 0.998907
Pos Pred Value        0.68750 0.658537   0.8551  0.70628 0.703704 0.560000 0.5263158 0.676471
Neg Pred Value        0.94534 0.981094   0.7776  0.94156 0.993543 0.998514 0.9993070 0.996827
Precision             0.68750 0.658537   0.8551  0.70628 0.703704 0.560000 0.5263158 0.676471
Recall                0.39331 0.300000   0.9618  0.42754 0.368932 0.482759 0.5882353 0.418182
F1                    0.50037 0.412214   0.9053  0.53265 0.484076 0.518519 0.5555556 0.516854
Prevalence            0.08567 0.026680   0.7713  0.09615 0.010178 0.002866 0.0016798 0.005435
Detection Rate        0.03370 0.008004   0.7419  0.04111 0.003755 0.001383 0.0009881 0.002273
Detection Prevalence  0.04901 0.012154   0.8676  0.05820 0.005336 0.002470 0.0018775 0.003360
Balanced Accuracy     0.68828 0.647868   0.7061  0.70432 0.683667 0.740834 0.7936722 0.708544
