Confusion Matrix and Statistics

          Reference
Prediction    0    1    2    3    4    5    6    7
         0  393    9  119   44    3    1    0    2
         1   10   89   35    4    0    0    0    0
         2  421  157 7469  473   56   13    6   26
         3   38   13  153  449    5    1    0    4
         4    4    2   12    0   39    0    1    0
         5    0    0    8    1    0   14    0    0
         6    0    0    5    1    0    0    9    0
         7    1    0    5    1    0    0    1   23

Overall Statistics
                                          
               Accuracy : 0.8384          
                 95% CI : (0.8311, 0.8456)
    No Information Rate : 0.7713          
    P-Value [Acc > NIR] : < 2.2e-16       
                                          
                  Kappa : 0.5124          
                                          
 Mcnemar's Test P-Value : NA              

Statistics by Class:

                     Class: 0 Class: 1 Class: 2 Class: 3 Class: 4 Class: 5  Class: 6 Class: 7
Sensitivity           0.45329 0.329630   0.9568  0.46146 0.378641 0.482759 0.5294118 0.418182
Specificity           0.98076 0.995025   0.5022  0.97660 0.998103 0.999108 0.9994061 0.999205
Pos Pred Value        0.68827 0.644928   0.8664  0.67722 0.672414 0.608696 0.6000000 0.741935
Neg Pred Value        0.95036 0.981867   0.7752  0.94459 0.993639 0.998514 0.9992083 0.996828
Precision             0.68827 0.644928   0.8664  0.67722 0.672414 0.608696 0.6000000 0.741935
Recall                0.45329 0.329630   0.9568  0.46146 0.378641 0.482759 0.5294118 0.418182
F1                    0.54659 0.436275   0.9094  0.54890 0.484472 0.538462 0.5625000 0.534884
Prevalence            0.08567 0.026680   0.7713  0.09615 0.010178 0.002866 0.0016798 0.005435
Detection Rate        0.03883 0.008794   0.7380  0.04437 0.003854 0.001383 0.0008893 0.002273
Detection Prevalence  0.05642 0.013636   0.8519  0.06551 0.005731 0.002273 0.0014822 0.003063
Balanced Accuracy     0.71703 0.662328   0.7295  0.71903 0.688372 0.740933 0.7644089 0.708693
