Confusion Matrix and Statistics

          Reference
Prediction    0    1    2    3    4    5    6    7
         0  440   19  161   32    6    1    0    1
         1   14  108   53   15    3    0    1    2
         2  372  125 7366  392   40   14    6   26
         3   36   13  187  528    1    2    0    1
         4    4    1   23    3   52    0    0    0
         5    0    1    2    0    0   12    0    2
         6    1    1    6    1    0    0   10    0
         7    0    2    8    2    1    0    0   23

Overall Statistics
                                          
               Accuracy : 0.8438          
                 95% CI : (0.8366, 0.8508)
    No Information Rate : 0.7713          
    P-Value [Acc > NIR] : < 2.2e-16       
                                          
                  Kappa : 0.5546          
                                          
 Mcnemar's Test P-Value : NA              

Statistics by Class:

                     Class: 0 Class: 1 Class: 2 Class: 3 Class: 4 Class: 5  Class: 6 Class: 7
Sensitivity           0.50750  0.40000   0.9436  0.54265 0.504854 0.413793 0.5882353 0.418182
Specificity           0.97622  0.99107   0.5787  0.97376 0.996905 0.999505 0.9991092 0.998708
Pos Pred Value        0.66667  0.55102   0.8831  0.68750 0.626506 0.705882 0.5263158 0.638889
Neg Pred Value        0.95486  0.98368   0.7527  0.95242 0.994919 0.998317 0.9993070 0.996827
Precision             0.66667  0.55102   0.8831  0.68750 0.626506 0.705882 0.5263158 0.638889
Recall                0.50750  0.40000   0.9436  0.54265 0.504854 0.413793 0.5882353 0.418182
F1                    0.57629  0.46352   0.9124  0.60655 0.559140 0.521739 0.5555556 0.505495
Prevalence            0.08567  0.02668   0.7713  0.09615 0.010178 0.002866 0.0016798 0.005435
Detection Rate        0.04348  0.01067   0.7279  0.05217 0.005138 0.001186 0.0009881 0.002273
Detection Prevalence  0.06522  0.01937   0.8242  0.07589 0.008202 0.001680 0.0018775 0.003557
Balanced Accuracy     0.74186  0.69553   0.7611  0.75821 0.750880 0.706649 0.7936722 0.708445
