Confusion Matrix and Statistics

          Reference
Prediction    0    1    2    3    4    5    6
         0  126   65    7    2    0    0    1
         1  124 7401  409   44   10   10   25
         2   18  298  550   12    3    0    5
         3    0   28    3   47    0    0    2
         4    0    5    2    2   17    2    0
         5    0    6    0    0    0    4    0
         6    3   16    3    0    0    1   23

Overall Statistics
                                         
               Accuracy : 0.8807         
                 95% CI : (0.874, 0.8873)
    No Information Rate : 0.8431         
    P-Value [Acc > NIR] : < 2.2e-16      
                                         
                  Kappa : 0.541          
                                         
 Mcnemar's Test P-Value : NA             

Statistics by Class:

                     Class: 0 Class: 1 Class: 2 Class: 3 Class: 4  Class: 5 Class: 6
Sensitivity           0.46494   0.9465  0.56468 0.439252 0.566667 0.2352941 0.410714
Specificity           0.99167   0.5725  0.95952 0.996400 0.998810 0.9993518 0.997505
Pos Pred Value        0.62687   0.9225  0.62077 0.587500 0.607143 0.4000000 0.500000
Neg Pred Value        0.98402   0.6659  0.94945 0.993474 0.998594 0.9985967 0.996424
Precision             0.62687   0.9225  0.62077 0.587500 0.607143 0.4000000 0.500000
Recall                0.46494   0.9465  0.56468 0.439252 0.566667 0.2352941 0.410714
F1                    0.53390   0.9344  0.59140 0.502674 0.586207 0.2962963 0.450980
Prevalence            0.02922   0.8431  0.10502 0.011538 0.003235 0.0018331 0.006038
Detection Rate        0.01359   0.7980  0.05931 0.005068 0.001833 0.0004313 0.002480
Detection Prevalence  0.02167   0.8651  0.09554 0.008626 0.003019 0.0010783 0.004960
Balanced Accuracy     0.72831   0.7595  0.76210 0.717826 0.782738 0.6173230 0.704110
