Confusion Matrix and Statistics

          Reference
Prediction    0    1    2    3    4    5    6
         0  131   73   10    0    0    0    1
         1  116 7385  398   43   12   10   32
         2   17  318  558   11    1    0    4
         3    3   30    4   52    0    0    0
         4    1    2    2    0   17    2    0
         5    0    3    0    0    0    5    0
         6    3    8    2    1    0    0   19

Overall Statistics
                                          
               Accuracy : 0.8806          
                 95% CI : (0.8739, 0.8872)
    No Information Rate : 0.8431          
    P-Value [Acc > NIR] : < 2.2e-16       
                                          
                  Kappa : 0.5443          
                                          
 Mcnemar's Test P-Value : NA              

Statistics by Class:

                     Class: 0 Class: 1 Class: 2 Class: 3 Class: 4  Class: 5 Class: 6
Sensitivity           0.48339   0.9445  0.57290 0.485981 0.566667 0.2941176 0.339286
Specificity           0.99067   0.5801  0.95771 0.995964 0.999243 0.9996759 0.998481
Pos Pred Value        0.60930   0.9236  0.61386 0.584270 0.708333 0.6250000 0.575758
Neg Pred Value        0.98455   0.6604  0.95027 0.994012 0.998595 0.9987049 0.995996
Precision             0.60930   0.9236  0.61386 0.584270 0.708333 0.6250000 0.575758
Recall                0.48339   0.9445  0.57290 0.485981 0.566667 0.2941176 0.339286
F1                    0.53909   0.9339  0.59267 0.530612 0.629630 0.4000000 0.426966
Prevalence            0.02922   0.8431  0.10502 0.011538 0.003235 0.0018331 0.006038
Detection Rate        0.01413   0.7963  0.06017 0.005607 0.001833 0.0005391 0.002049
Detection Prevalence  0.02318   0.8622  0.09802 0.009597 0.002588 0.0008626 0.003558
Balanced Accuracy     0.73703   0.7623  0.76530 0.740973 0.782955 0.6468968 0.668883
