Confusion Matrix and Statistics

          Reference
Prediction    0    1    2    3    4    5    6    7
         0  161    3   45   16    2    2    0    0
         1    3   34   11    2    0    0    0    0
         2  683  224 7690  768   82   23   16   41
         3   19    9   52  186    5    1    1    1
         4    0    0    1    0   14    0    0    0
         5    0    0    3    0    0    3    0    0
         6    0    0    0    0    0    0    0    0
         7    1    0    4    1    0    0    0   13

Overall Statistics
                                          
               Accuracy : 0.8005          
                 95% CI : (0.7926, 0.8082)
    No Information Rate : 0.7713          
    P-Value [Acc > NIR] : 7.223e-13       
                                          
                  Kappa : 0.2588          
                                          
 Mcnemar's Test P-Value : NA              

Statistics by Class:

                     Class: 0 Class: 1 Class: 2 Class: 3 Class: 4  Class: 5 Class: 6 Class: 7
Sensitivity           0.18570 0.125926   0.9851  0.19116 0.135922 0.1034483  0.00000 0.236364
Specificity           0.99265 0.998376   0.2061  0.99038 0.999900 0.9997027  1.00000 0.999404
Pos Pred Value        0.70306 0.680000   0.8072  0.67883 0.933333 0.5000000      NaN 0.684211
Neg Pred Value        0.92862 0.976564   0.8044  0.92007 0.991192 0.9974293  0.99832 0.995842
Precision             0.70306 0.680000   0.8072  0.67883 0.933333 0.5000000       NA 0.684211
Recall                0.18570 0.125926   0.9851  0.19116 0.135922 0.1034483  0.00000 0.236364
F1                    0.29380 0.212500   0.8873  0.29832 0.237288 0.1714286       NA 0.351351
Prevalence            0.08567 0.026680   0.7713  0.09615 0.010178 0.0028656  0.00168 0.005435
Detection Rate        0.01591 0.003360   0.7599  0.01838 0.001383 0.0002964  0.00000 0.001285
Detection Prevalence  0.02263 0.004941   0.9414  0.02708 0.001482 0.0005929  0.00000 0.001877
Balanced Accuracy     0.58917 0.562151   0.5956  0.59077 0.567911 0.5515755  0.50000 0.617884
