Confusion Matrix and Statistics

          Reference
Prediction    0    1    2    3    4    5    6
         0  140   90   19    2    0    0    0
         1  111 7355  359   40    8   10   22
         2   13  305  586    6    1    0    4
         3    2   23    5   59    1    0    0
         4    1    6    2    0   20    2    0
         5    0    6    0    0    0    5    0
         6    4   34    3    0    0    0   30

Overall Statistics
                                         
               Accuracy : 0.8837         
                 95% CI : (0.877, 0.8901)
    No Information Rate : 0.8431         
    P-Value [Acc > NIR] : < 2.2e-16      
                                         
                  Kappa : 0.5691         
                                         
 Mcnemar's Test P-Value : NA             

Statistics by Class:

                     Class: 0 Class: 1 Class: 2 Class: 3 Class: 4  Class: 5 Class: 6
Sensitivity           0.51661   0.9407  0.60164 0.551402 0.666667 0.2941176 0.535714
Specificity           0.98767   0.6220  0.96036 0.996618 0.998810 0.9993518 0.995552
Pos Pred Value        0.55777   0.9304  0.64044 0.655556 0.645161 0.4545455 0.422535
Neg Pred Value        0.98548   0.6611  0.95358 0.994774 0.998918 0.9987045 0.997175
Precision             0.55777   0.9304  0.64044 0.655556 0.645161 0.4545455 0.422535
Recall                0.51661   0.9407  0.60164 0.551402 0.666667 0.2941176 0.535714
F1                    0.53640   0.9355  0.62043 0.598985 0.655738 0.3571429 0.472441
Prevalence            0.02922   0.8431  0.10502 0.011538 0.003235 0.0018331 0.006038
Detection Rate        0.01510   0.7931  0.06319 0.006362 0.002157 0.0005391 0.003235
Detection Prevalence  0.02706   0.8524  0.09866 0.009705 0.003343 0.0011861 0.007656
Balanced Accuracy     0.75214   0.7813  0.78100 0.774010 0.832738 0.6467347 0.765633
