Confusion Matrix and Statistics

          Reference
Prediction    0    1    2    3    4    5    6    7
         0  136    3   30    7    2    0    0    0
         1    2   25    5    1    0    0    0    0
         2  720  236 7717  804   84   24   15   41
         3    8    6   40  160    2    0    0    1
         4    0    0    3    0   15    0    0    0
         5    0    0    4    0    0    5    0    0
         6    0    0    3    0    0    0    2    0
         7    1    0    4    1    0    0    0   13

Overall Statistics
                                          
               Accuracy : 0.7977          
                 95% CI : (0.7898, 0.8055)
    No Information Rate : 0.7713          
    P-Value [Acc > NIR] : 7.963e-11       
                                          
                  Kappa : 0.2264          
                                          
 Mcnemar's Test P-Value : NA              

Statistics by Class:

                     Class: 0 Class: 1 Class: 2 Class: 3 Class: 4  Class: 5  Class: 6 Class: 7
Sensitivity           0.15686 0.092593   0.9886  0.16444 0.145631 0.1724138 0.1176471 0.236364
Specificity           0.99546 0.999188   0.1685  0.99377 0.999701 0.9996036 0.9997031 0.999404
Pos Pred Value        0.76404 0.757576   0.8004  0.73733 0.833333 0.5555556 0.4000000 0.684211
Neg Pred Value        0.92647 0.975711   0.8142  0.91790 0.991289 0.9976263 0.9985171 0.995842
Precision             0.76404 0.757576   0.8004  0.73733 0.833333 0.5555556 0.4000000 0.684211
Recall                0.15686 0.092593   0.9886  0.16444 0.145631 0.1724138 0.1176471 0.236364
F1                    0.26029 0.165017   0.8846  0.26891 0.247934 0.2631579 0.1818182 0.351351
Prevalence            0.08567 0.026680   0.7713  0.09615 0.010178 0.0028656 0.0016798 0.005435
Detection Rate        0.01344 0.002470   0.7625  0.01581 0.001482 0.0004941 0.0001976 0.001285
Detection Prevalence  0.01759 0.003261   0.9527  0.02144 0.001779 0.0008893 0.0004941 0.001877
Balanced Accuracy     0.57616 0.545890   0.5786  0.57910 0.572666 0.5860087 0.5586751 0.617884
