Confusion Matrix and Statistics

          Reference
Prediction    0    1    2    3    4    5    6
         0  138   71   19    2    0    0    1
         1  114 7466  422   40   13   10   23
         2   15  248  523    9    1    0    9
         3    1   14    5   53    0    0    1
         4    0    4    3    1   16    2    1
         5    0    6    0    0    0    5    0
         6    3   10    2    2    0    0   21

Overall Statistics
                                         
               Accuracy : 0.8866         
                 95% CI : (0.8799, 0.893)
    No Information Rate : 0.8431         
    P-Value [Acc > NIR] : < 2.2e-16      
                                         
                  Kappa : 0.5547         
                                         
 Mcnemar's Test P-Value : NA             

Statistics by Class:

                     Class: 0 Class: 1 Class: 2 Class: 3 Class: 4  Class: 5 Class: 6
Sensitivity           0.50923   0.9549  0.53696 0.495327 0.533333 0.2941176 0.375000
Specificity           0.98967   0.5725  0.96602 0.997709 0.998810 0.9993518 0.998156
Pos Pred Value        0.59740   0.9231  0.64969 0.716216 0.592593 0.4545455 0.552632
Neg Pred Value        0.98529   0.7024  0.94675 0.994130 0.998486 0.9987045 0.996210
Precision             0.59740   0.9231  0.64969 0.716216 0.592593 0.4545455 0.552632
Recall                0.50923   0.9549  0.53696 0.495327 0.533333 0.2941176 0.375000
F1                    0.54980   0.9387  0.58797 0.585635 0.561404 0.3571429 0.446809
Prevalence            0.02922   0.8431  0.10502 0.011538 0.003235 0.0018331 0.006038
Detection Rate        0.01488   0.8050  0.05639 0.005715 0.001725 0.0005391 0.002264
Detection Prevalence  0.02491   0.8721  0.08680 0.007979 0.002911 0.0011861 0.004097
Balanced Accuracy     0.74945   0.7637  0.75149 0.746518 0.766072 0.6467347 0.686578
