Confusion Matrix and Statistics

          Reference
Prediction    0    1    2    3    4    5    6    7
         0   95    4   28   13    2    0    0    0
         1    0    4    0    0    0    0    0    0
         2  765  257 7741  823   89   29   17   45
         3    6    5   35  137    5    0    0    3
         4    0    0    2    0    7    0    0    0
         5    0    0    0    0    0    0    0    0
         6    0    0    0    0    0    0    0    0
         7    1    0    0    0    0    0    0    7

Overall Statistics
                                          
               Accuracy : 0.7896          
                 95% CI : (0.7816, 0.7975)
    No Information Rate : 0.7713          
    P-Value [Acc > NIR] : 5.23e-06        
                                          
                  Kappa : 0.1672          
                                          
 Mcnemar's Test P-Value : NA              

Statistics by Class:

                     Class: 0  Class: 1 Class: 2 Class: 3  Class: 4 Class: 5 Class: 6  Class: 7
Sensitivity          0.109573 0.0148148   0.9917  0.14080 0.0679612 0.000000  0.00000 0.1272727
Specificity          0.994921 1.0000000   0.1249  0.99410 0.9998003 1.000000  1.00000 0.9999006
Pos Pred Value       0.669014 1.0000000   0.7926  0.71728 0.7777778      NaN      NaN 0.8750000
Neg Pred Value       0.922630 0.9737050   0.8164  0.91580 0.9905054 0.997134  0.99832 0.9952532
Precision            0.669014 1.0000000   0.7926  0.71728 0.7777778       NA       NA 0.8750000
Recall               0.109573 0.0148148   0.9917  0.14080 0.0679612 0.000000  0.00000 0.1272727
F1                   0.188305 0.0291971   0.8811  0.23540 0.1250000       NA       NA 0.2222222
Prevalence           0.085672 0.0266798   0.7713  0.09615 0.0101779 0.002866  0.00168 0.0054348
Detection Rate       0.009387 0.0003953   0.7649  0.01354 0.0006917 0.000000  0.00000 0.0006917
Detection Prevalence 0.014032 0.0003953   0.9650  0.01887 0.0008893 0.000000  0.00000 0.0007905
Balanced Accuracy    0.552247 0.5074074   0.5583  0.56745 0.5338808 0.500000  0.50000 0.5635867
