Confusion Matrix and Statistics

          Reference
Prediction    0    1    2    3    4    5    6    7
         0  377    9  134   33    3    1    0    3
         1   11   96   59    5    3    1    1    1
         2  429  143 7354  428   56   12    4   23
         3   45   21  229  496    7    3    2    3
         4    3    0    9    4   34    0    0    1
         5    0    0    2    0    0   12    0    1
         6    1    0    9    2    0    0    9    0
         7    1    1   10    5    0    0    1   23

Overall Statistics
                                          
               Accuracy : 0.8301          
                 95% CI : (0.8227, 0.8374)
    No Information Rate : 0.7713          
    P-Value [Acc > NIR] : < 2.2e-16       
                                          
                  Kappa : 0.5049          
                                          
 Mcnemar's Test P-Value : NA              

Statistics by Class:

                     Class: 0 Class: 1 Class: 2 Class: 3 Class: 4 Class: 5  Class: 6 Class: 7
Sensitivity           0.43483 0.355556   0.9421  0.50976  0.33010 0.413793 0.5294118 0.418182
Specificity           0.98022 0.991777   0.5268  0.96611  0.99830 0.999703 0.9988122 0.998212
Pos Pred Value        0.67321 0.542373   0.8704  0.61538  0.66667 0.800000 0.4285714 0.560976
Neg Pred Value        0.94874 0.982500   0.7295  0.94879  0.99315 0.998318 0.9992078 0.996825
Precision             0.67321 0.542373   0.8704  0.61538  0.66667 0.800000 0.4285714 0.560976
Recall                0.43483 0.355556   0.9421  0.50976  0.33010 0.413793 0.5294118 0.418182
F1                    0.52838 0.429530   0.9048  0.55762  0.44156 0.545455 0.4736842 0.479167
Prevalence            0.08567 0.026680   0.7713  0.09615  0.01018 0.002866 0.0016798 0.005435
Detection Rate        0.03725 0.009486   0.7267  0.04901  0.00336 0.001186 0.0008893 0.002273
Detection Prevalence  0.05534 0.017490   0.8349  0.07964  0.00504 0.001482 0.0020751 0.004051
Balanced Accuracy     0.70753 0.673666   0.7344  0.73794  0.66420 0.706748 0.7641120 0.708197
