Confusion Matrix and Statistics

          Reference
Prediction    0    1    2    3    4    5    6    7
         0  244   12  105   42    2    1    0    2
         1    4   58   38    3    0    0    0    0
         2  572  189 7464  625   69   16   11   30
         3   31    9  158  298    6    1    4    4
         4   11    2   25    4   26    0    0    0
         5    3    0    6    0    0   11    0    2
         6    0    0    3    0    0    0    2    0
         7    2    0    7    1    0    0    0   17

Overall Statistics
                                          
               Accuracy : 0.8024          
                 95% CI : (0.7945, 0.8101)
    No Information Rate : 0.7713          
    P-Value [Acc > NIR] : 2.265e-14       
                                          
                  Kappa : 0.3566          
                                          
 Mcnemar's Test P-Value : NA              

Statistics by Class:

                     Class: 0 Class: 1 Class: 2 Class: 3 Class: 4 Class: 5  Class: 6 Class: 7
Sensitivity           0.28143 0.214815   0.9562  0.30627 0.252427 0.379310 0.1176471 0.309091
Specificity           0.98228 0.995431   0.3466  0.97671 0.995807 0.998910 0.9997031 0.999006
Pos Pred Value        0.59804 0.563107   0.8316  0.58317 0.382353 0.500000 0.4000000 0.629630
Neg Pred Value        0.93585 0.978836   0.7010  0.92975 0.992340 0.998217 0.9985171 0.996235
Precision             0.59804 0.563107   0.8316  0.58317 0.382353 0.500000 0.4000000 0.629630
Recall                0.28143 0.214815   0.9562  0.30627 0.252427 0.379310 0.1176471 0.309091
F1                    0.38275 0.310992   0.8895  0.40162 0.304094 0.431373 0.1818182 0.414634
Prevalence            0.08567 0.026680   0.7713  0.09615 0.010178 0.002866 0.0016798 0.005435
Detection Rate        0.02411 0.005731   0.7375  0.02945 0.002569 0.001087 0.0001976 0.001680
Detection Prevalence  0.04032 0.010178   0.8870  0.05049 0.006719 0.002174 0.0004941 0.002668
Balanced Accuracy     0.63185 0.605123   0.6514  0.64149 0.624117 0.689110 0.5586751 0.654049
