Confusion Matrix and Statistics

          Reference
Prediction    0    1    2    3    4    5    6
         0  147   64   21    3    1    0    4
         1  114 7456  388   40    8   11   23
         2    9  250  557    8    1    0    4
         3    0   25    3   54    0    0    0
         4    0    8    4    2   20    2    0
         5    0    4    0    0    0    4    0
         6    1   12    1    0    0    0   25

Overall Statistics
                                          
               Accuracy : 0.891           
                 95% CI : (0.8845, 0.8973)
    No Information Rate : 0.8431          
    P-Value [Acc > NIR] : < 2.2e-16       
                                          
                  Kappa : 0.5788          
                                          
 Mcnemar's Test P-Value : NA              

Statistics by Class:

                     Class: 0 Class: 1 Class: 2 Class: 3 Class: 4  Class: 5 Class: 6
Sensitivity           0.54244   0.9536  0.57187 0.504673 0.666667 0.2352941 0.446429
Specificity           0.98967   0.5986  0.96723 0.996946 0.998269 0.9995679 0.998481
Pos Pred Value        0.61250   0.9274  0.67189 0.658537 0.555556 0.5000000 0.641026
Neg Pred Value        0.98627   0.7058  0.95062 0.994234 0.998918 0.9985970 0.996643
Precision             0.61250   0.9274  0.67189 0.658537 0.555556 0.5000000 0.641026
Recall                0.54244   0.9536  0.57187 0.504673 0.666667 0.2352941 0.446429
F1                    0.57534   0.9403  0.61786 0.571429 0.606061 0.3200000 0.526316
Prevalence            0.02922   0.8431  0.10502 0.011538 0.003235 0.0018331 0.006038
Detection Rate        0.01585   0.8040  0.06006 0.005823 0.002157 0.0004313 0.002696
Detection Prevalence  0.02588   0.8669  0.08939 0.008842 0.003882 0.0008626 0.004205
Balanced Accuracy     0.76605   0.7761  0.76955 0.750809 0.832468 0.6174310 0.722455
