Confusion Matrix and Statistics

          Reference
Prediction    0    1    2    3    4    5    6    7
         0  376   11  131   29    9    2    0    2
         1   12   88   39    5    0    0    0    1
         2  441  156 7425  506   51   15    5   29
         3   31   13  178  426    6    2    1    2
         4    4    1   17    3   37    0    0    0
         5    2    0    7    0    0   10    0    0
         6    0    0    1    1    0    0    9    0
         7    1    1    8    3    0    0    2   21

Overall Statistics
                                          
               Accuracy : 0.8292          
                 95% CI : (0.8218, 0.8365)
    No Information Rate : 0.7713          
    P-Value [Acc > NIR] : < 2.2e-16       
                                          
                  Kappa : 0.484           
                                          
 Mcnemar's Test P-Value : NA              

Statistics by Class:

                     Class: 0 Class: 1 Class: 2 Class: 3 Class: 4  Class: 5  Class: 6 Class: 7
Sensitivity           0.43368 0.325926   0.9512  0.43782 0.359223 0.3448276 0.5294118 0.381818
Specificity           0.98011 0.994213   0.4801  0.97453 0.997504 0.9991081 0.9998020 0.998510
Pos Pred Value        0.67143 0.606897   0.8606  0.64643 0.596774 0.5263158 0.8181818 0.583333
Neg Pred Value        0.94864 0.981754   0.7446  0.94218 0.993438 0.9981190 0.9992086 0.996628
Precision             0.67143 0.606897   0.8606  0.64643 0.596774 0.5263158 0.8181818 0.583333
Recall                0.43368 0.325926   0.9512  0.43782 0.359223 0.3448276 0.5294118 0.381818
F1                    0.52698 0.424096   0.9036  0.52206 0.448485 0.4166667 0.6428571 0.461538
Prevalence            0.08567 0.026680   0.7713  0.09615 0.010178 0.0028656 0.0016798 0.005435
Detection Rate        0.03715 0.008696   0.7337  0.04209 0.003656 0.0009881 0.0008893 0.002075
Detection Prevalence  0.05534 0.014328   0.8526  0.06512 0.006126 0.0018775 0.0010870 0.003557
Balanced Accuracy     0.70690 0.660070   0.7157  0.70617 0.678364 0.6719679 0.7646069 0.690164
