Confusion Matrix and Statistics

          Reference
Prediction    0    1    2    3    4    5    6
         0  143   81   11    2    2    0    2
         1  103 7374  390   38    5    9   26
         2   21  305  568    8    1    0    3
         3    0   33    1   58    0    0    1
         4    1    3    0    1   21    2    1
         5    1    7    1    0    0    5    0
         6    2   16    3    0    1    1   23

Overall Statistics
                                          
               Accuracy : 0.8833          
                 95% CI : (0.8766, 0.8898)
    No Information Rate : 0.8431          
    P-Value [Acc > NIR] : < 2.2e-16       
                                          
                  Kappa : 0.5623          
                                          
 Mcnemar's Test P-Value : NA              

Statistics by Class:

                     Class: 0 Class: 1 Class: 2 Class: 3 Class: 4  Class: 5 Class: 6
Sensitivity           0.52768   0.9431  0.58316 0.542056 0.700000 0.2941176 0.410714
Specificity           0.98911   0.6076  0.95928 0.996182 0.999135 0.9990278 0.997505
Pos Pred Value        0.59336   0.9281  0.62693 0.623656 0.724138 0.3571429 0.500000
Neg Pred Value        0.98583   0.6652  0.95148 0.994663 0.999027 0.9987041 0.996424
Precision             0.59336   0.9281  0.62693 0.623656 0.724138 0.3571429 0.500000
Recall                0.52768   0.9431  0.58316 0.542056 0.700000 0.2941176 0.410714
F1                    0.55859   0.9355  0.60426 0.580000 0.711864 0.3225806 0.450980
Prevalence            0.02922   0.8431  0.10502 0.011538 0.003235 0.0018331 0.006038
Detection Rate        0.01542   0.7951  0.06125 0.006254 0.002264 0.0005391 0.002480
Detection Prevalence  0.02599   0.8567  0.09769 0.010028 0.003127 0.0015096 0.004960
Balanced Accuracy     0.75840   0.7753  0.77122 0.769119 0.849567 0.6465727 0.704110
