Confusion Matrix and Statistics

          Reference
Prediction    0    1    2    3    4    5    6    7
         0  484   12  148   42    6    1    0    3
         1   10  135   64   11    1    1    0    2
         2  323   99 7329  347   41   11   10   15
         3   44   20  224  568    3    5    0    3
         4    4    2   26    2   52    0    0    0
         5    0    0    5    0    0   11    0    1
         6    0    0    5    1    0    0    6    0
         7    2    2    6    2    0    0    1   31

Overall Statistics
                                          
               Accuracy : 0.8513          
                 95% CI : (0.8442, 0.8582)
    No Information Rate : 0.7714          
    P-Value [Acc > NIR] : < 2.2e-16       
                                          
                  Kappa : 0.5894          
                                          
 Mcnemar's Test P-Value : NA              

Statistics by Class:

                     Class: 0 Class: 1 Class: 2 Class: 3 Class: 4 Class: 5  Class: 6 Class: 7
Sensitivity           0.55825  0.50000   0.9388  0.58376 0.504854 0.379310 0.3529412 0.563636
Specificity           0.97709  0.99097   0.6344  0.96732 0.996606 0.999405 0.9994062 0.998709
Pos Pred Value        0.69540  0.60268   0.8965  0.65513 0.604651 0.647059 0.5000000 0.704545
Neg Pred Value        0.95936  0.98636   0.7544  0.95624 0.994918 0.998219 0.9989119 0.997618
Precision             0.69540  0.60268   0.8965  0.65513 0.604651 0.647059 0.5000000 0.704545
Recall                0.55825  0.50000   0.9388  0.58376 0.504854 0.379310 0.3529412 0.563636
F1                    0.61932  0.54656   0.9172  0.61739 0.550265 0.478261 0.4137931 0.626263
Prevalence            0.08566  0.02668   0.7714  0.09614 0.010177 0.002865 0.0016797 0.005434
Detection Rate        0.04782  0.01334   0.7241  0.05612 0.005138 0.001087 0.0005928 0.003063
Detection Prevalence  0.06877  0.02213   0.8077  0.08566 0.008497 0.001680 0.0011857 0.004347
Balanced Accuracy     0.76767  0.74548   0.7866  0.77554 0.750730 0.689358 0.6761737 0.781172
