Confusion Matrix and Statistics

          Reference
Prediction    0    1    2    3    4    5    6    7
         0  546   17  189   38    6    2    2    5
         1   14  134   64   11    2    1    0    1
         2  258  102 7263  314   39   11    6   24
         3   45   14  261  605    5    4    1    5
         4    4    2   30    4   55    0    0    1
         5    0    0    4    0    0   11    0    0
         6    1    2    3    1    0    0    8    0
         7    1    0    5    1    0    1    0   20

Overall Statistics
                                         
               Accuracy : 0.852          
                 95% CI : (0.845, 0.8589)
    No Information Rate : 0.7709         
    P-Value [Acc > NIR] : < 2.2e-16      
                                         
                  Kappa : 0.6046         
                                         
 Mcnemar's Test P-Value : NA             

Statistics by Class:

                     Class: 0 Class: 1 Class: 2 Class: 3 Class: 4 Class: 5  Class: 6 Class: 7
Sensitivity           0.62831  0.49446   0.9289  0.62115 0.514019 0.366667 0.4705882 0.357143
Specificity           0.97207  0.99058   0.6756  0.96346 0.995915 0.999604 0.9993087 0.999207
Pos Pred Value        0.67826  0.59031   0.9059  0.64362 0.572917 0.733333 0.5333333 0.714286
Neg Pred Value        0.96541  0.98618   0.7385  0.95990 0.994824 0.998124 0.9991114 0.996441
Precision             0.67826  0.59031   0.9059  0.64362 0.572917 0.733333 0.5333333 0.714286
Recall                0.62831  0.49446   0.9289  0.62115 0.514019 0.366667 0.4705882 0.357143
F1                    0.65233  0.53815   0.9173  0.63218 0.541872 0.488889 0.5000000 0.476190
Prevalence            0.08567  0.02672   0.7709  0.09603 0.010549 0.002958 0.0016760 0.005521
Detection Rate        0.05383  0.01321   0.7161  0.05965 0.005422 0.001084 0.0007887 0.001972
Detection Prevalence  0.07937  0.02238   0.7904  0.09267 0.009465 0.001479 0.0014789 0.002761
Balanced Accuracy     0.80019  0.74252   0.8022  0.79231 0.754967 0.683136 0.7349485 0.678175
