Confusion Matrix and Statistics

          Reference
Prediction    0    1    2    3    4    5    6    7
         0  435   16  144   44    4    4    0    3
         1   10   91   54    6    0    0    1    0
         2  383  148 7412  437   43   13    4   26
         3   33   13  169  479    5    0    1    0
         4    4    1   12    4   50    0    0    0
         5    0    1    3    0    0   12    0    2
         6    0    0    7    1    0    0   11    2
         7    2    0    5    2    1    0    0   22

Overall Statistics
                                          
               Accuracy : 0.8411          
                 95% CI : (0.8338, 0.8482)
    No Information Rate : 0.7713          
    P-Value [Acc > NIR] : < 2.2e-16       
                                          
                  Kappa : 0.5355          
                                          
 Mcnemar's Test P-Value : NA              

Statistics by Class:

                     Class: 0 Class: 1 Class: 2 Class: 3 Class: 4 Class: 5 Class: 6 Class: 7
Sensitivity           0.50173 0.337037   0.9495  0.49229 0.485437 0.413793 0.647059 0.400000
Specificity           0.97676 0.992792   0.5445  0.97584 0.997904 0.999405 0.999010 0.999006
Pos Pred Value        0.66923 0.561728   0.8755  0.68429 0.704225 0.666667 0.523810 0.687500
Neg Pred Value        0.95438 0.982025   0.7618  0.94756 0.994726 0.998317 0.999406 0.996729
Precision             0.66923 0.561728   0.8755  0.68429 0.704225 0.666667 0.523810 0.687500
Recall                0.50173 0.337037   0.9495  0.49229 0.485437 0.413793 0.647059 0.400000
F1                    0.57350 0.421296   0.9110  0.57262 0.574713 0.510638 0.578947 0.505747
Prevalence            0.08567 0.026680   0.7713  0.09615 0.010178 0.002866 0.001680 0.005435
Detection Rate        0.04298 0.008992   0.7324  0.04733 0.004941 0.001186 0.001087 0.002174
Detection Prevalence  0.06423 0.016008   0.8366  0.06917 0.007016 0.001779 0.002075 0.003162
Balanced Accuracy     0.73925 0.664914   0.7470  0.73407 0.741670 0.706599 0.823035 0.699503
