Confusion Matrix and Statistics

          Reference
Prediction    0    1    2    3    4    5    6    7
         0  246    6   56   30    2    2    0    2
         1    3   65   19    3    0    0    0    0
         2  600  191 7635  657   72   18   12   35
         3   16    8   84  280    4    0    1    1
         4    1    0    3    1   25    0    0    0
         5    0    0    4    0    0    9    0    0
         6    0    0    1    0    0    0    4    0
         7    1    0    4    2    0    0    0   17

Overall Statistics
                                          
               Accuracy : 0.8183          
                 95% CI : (0.8106, 0.8258)
    No Information Rate : 0.7713          
    P-Value [Acc > NIR] : < 2.2e-16       
                                          
                  Kappa : 0.3741          
                                          
 Mcnemar's Test P-Value : NA              

Statistics by Class:

                     Class: 0 Class: 1 Class: 2 Class: 3 Class: 4  Class: 5  Class: 6 Class: 7
Sensitivity           0.28374 0.240741   0.9781  0.28777 0.242718 0.3103448 0.2352941 0.309091
Specificity           0.98941 0.997462   0.3150  0.98754 0.999501 0.9996036 0.9999010 0.999305
Pos Pred Value        0.71512 0.722222   0.8281  0.71066 0.833333 0.6923077 0.8000000 0.708333
Neg Pred Value        0.93648 0.979561   0.8100  0.92875 0.992270 0.9980212 0.9987148 0.996236
Precision             0.71512 0.722222   0.8281  0.71066 0.833333 0.6923077 0.8000000 0.708333
Recall                0.28374 0.240741   0.9781  0.28777 0.242718 0.3103448 0.2352941 0.309091
F1                    0.40628 0.361111   0.8969  0.40966 0.375940 0.4285714 0.3636364 0.430380
Prevalence            0.08567 0.026680   0.7713  0.09615 0.010178 0.0028656 0.0016798 0.005435
Detection Rate        0.02431 0.006423   0.7544  0.02767 0.002470 0.0008893 0.0003953 0.001680
Detection Prevalence  0.03399 0.008893   0.9111  0.03893 0.002964 0.0012846 0.0004941 0.002372
Balanced Accuracy     0.63657 0.619101   0.6466  0.63765 0.621110 0.6549742 0.6175976 0.654198
