Confusion Matrix and Statistics

          Reference
Prediction    0    1    2    3    4    5    6    7
         0  380   19  139   36    4    2    1    2
         1    4   83   47    7    2    0    0    1
         2  437  149 7437  492   47   15    6   25
         3   42   16  157  432    6    2    4    4
         4    3    2   19    6   44    0    0    0
         5    0    0    0    0    0    8    1    1
         6    0    1    5    0    0    1    5    0
         7    1    0    2    0    0    1    0   22

Overall Statistics
                                          
               Accuracy : 0.8311          
                 95% CI : (0.8237, 0.8384)
    No Information Rate : 0.7713          
    P-Value [Acc > NIR] : < 2.2e-16       
                                          
                  Kappa : 0.4916          
                                          
 Mcnemar's Test P-Value : NA              

Statistics by Class:

                     Class: 0 Class: 1 Class: 2 Class: 3 Class: 4  Class: 5  Class: 6 Class: 7
Sensitivity           0.43829 0.307407   0.9527  0.44399 0.427184 0.2758621 0.2941176 0.400000
Specificity           0.97806 0.993807   0.4939  0.97475 0.997005 0.9998018 0.9993071 0.999603
Pos Pred Value        0.65180 0.576389   0.8640  0.65158 0.594595 0.8000000 0.4166667 0.846154
Neg Pred Value        0.94894 0.981255   0.7560  0.94279 0.994127 0.9979228 0.9988128 0.996731
Precision             0.65180 0.576389   0.8640  0.65158 0.594595 0.8000000 0.4166667 0.846154
Recall                0.43829 0.307407   0.9527  0.44399 0.427184 0.2758621 0.2941176 0.400000
F1                    0.52414 0.400966   0.9062  0.52812 0.497175 0.4102564 0.3448276 0.543210
Prevalence            0.08567 0.026680   0.7713  0.09615 0.010178 0.0028656 0.0016798 0.005435
Detection Rate        0.03755 0.008202   0.7349  0.04269 0.004348 0.0007905 0.0004941 0.002174
Detection Prevalence  0.05761 0.014229   0.8506  0.06551 0.007312 0.0009881 0.0011858 0.002569
Balanced Accuracy     0.70818 0.650607   0.7233  0.70937 0.712095 0.6378319 0.6467124 0.699801
