Confusion Matrix and Statistics

          Reference
Prediction    0    1    2    3    4    5    6    7
         0  521   29  282   61   12    3    1    6
         1   13  120   54   11    4    1    1    3
         2  266  104 7157  301   42    9   11   22
         3   62   18  294  599   19    5    1   10
         4    7    0   17    1   29    0    0    0
         5    0    0    4    0    0   12    0    0
         6    0    0    2    0    0    0    3    0
         7    0    0    9    1    1    0    0   15

Overall Statistics
                                          
               Accuracy : 0.8337          
                 95% CI : (0.8263, 0.8409)
    No Information Rate : 0.7709          
    P-Value [Acc > NIR] : < 2.2e-16       
                                          
                  Kappa : 0.5632          
                                          
 Mcnemar's Test P-Value : NA              

Statistics by Class:

                     Class: 0 Class: 1 Class: 2 Class: 3 Class: 4 Class: 5  Class: 6 Class: 7
Sensitivity           0.59954  0.44280   0.9153  0.61499 0.271028 0.400000 0.1764706 0.267857
Specificity           0.95752  0.99119   0.6751  0.95539 0.997509 0.999604 0.9998025 0.998909
Pos Pred Value        0.56940  0.57971   0.9046  0.59425 0.537037 0.750000 0.6000000 0.576923
Neg Pred Value        0.96229  0.98480   0.7033  0.95895 0.992269 0.998223 0.9986191 0.995947
Precision             0.56940  0.57971   0.9046  0.59425 0.537037 0.750000 0.6000000 0.576923
Recall                0.59954  0.44280   0.9153  0.61499 0.271028 0.400000 0.1764706 0.267857
F1                    0.58408  0.50209   0.9099  0.60444 0.360248 0.521739 0.2727273 0.365854
Prevalence            0.08567  0.02672   0.7709  0.09603 0.010549 0.002958 0.0016760 0.005521
Detection Rate        0.05137  0.01183   0.7056  0.05906 0.002859 0.001183 0.0002958 0.001479
Detection Prevalence  0.09021  0.02041   0.7800  0.09938 0.005324 0.001577 0.0004930 0.002563
Balanced Accuracy     0.77853  0.71700   0.7952  0.78519 0.634269 0.699802 0.5881365 0.633383
