Confusion Matrix and Statistics

          Reference
Prediction    0    1    2    3    4    5    6    7
         0  376    8  137   34    4    2    1    2
         1    8   93   43   11    1    0    0    0
         2  455  149 7448  507   52   13    6   27
         3   24   16  142  414    5    1    0    2
         4    2    2   16    3   40    0    0    0
         5    1    1    6    0    0   12    0    0
         6    0    0   10    2    0    0   10    0
         7    1    1    4    2    1    1    0   24

Overall Statistics
                                         
               Accuracy : 0.8317         
                 95% CI : (0.8243, 0.839)
    No Information Rate : 0.7713         
    P-Value [Acc > NIR] : < 2.2e-16      
                                         
                  Kappa : 0.4887         
                                         
 Mcnemar's Test P-Value : NA             

Statistics by Class:

                     Class: 0 Class: 1 Class: 2 Class: 3 Class: 4 Class: 5  Class: 6 Class: 7
Sensitivity           0.43368  0.34444   0.9541  0.42549 0.388350 0.413793 0.5882353 0.436364
Specificity           0.97968  0.99360   0.4775  0.97923 0.997704 0.999207 0.9988122 0.999006
Pos Pred Value        0.66667  0.59615   0.8603  0.68543 0.634921 0.600000 0.4545455 0.705882
Neg Pred Value        0.94862  0.98224   0.7553  0.94126 0.993736 0.998317 0.9993068 0.996926
Precision             0.66667  0.59615   0.8603  0.68543 0.634921 0.600000 0.4545455 0.705882
Recall                0.43368  0.34444   0.9541  0.42549 0.388350 0.413793 0.5882353 0.436364
F1                    0.52551  0.43662   0.9048  0.52505 0.481928 0.489796 0.5128205 0.539326
Prevalence            0.08567  0.02668   0.7713  0.09615 0.010178 0.002866 0.0016798 0.005435
Detection Rate        0.03715  0.00919   0.7360  0.04091 0.003953 0.001186 0.0009881 0.002372
Detection Prevalence  0.05573  0.01542   0.8554  0.05968 0.006225 0.001976 0.0021739 0.003360
Balanced Accuracy     0.70668  0.66902   0.7158  0.70236 0.693027 0.706500 0.7935238 0.717685
