Confusion Matrix and Statistics

          Reference
Prediction    0    1    2    3    4    5    6    7
         0  502   12  150   32    4    1    0    2
         1   12  108   46    6    1    0    0    0
         2  300  126 7313  358   42   13    8   22
         3   47   21  261  572    6    2    2    4
         4    3    2   20    3   50    0    0    0
         5    2    1   11    0    0   13    0    0
         6    0    0    2    1    0    0    6    0
         7    1    0    4    1    0    0    1   27

Overall Statistics
                                          
               Accuracy : 0.8488          
                 95% CI : (0.8417, 0.8558)
    No Information Rate : 0.7714          
    P-Value [Acc > NIR] : < 2.2e-16       
                                          
                  Kappa : 0.5815          
                                          
 Mcnemar's Test P-Value : NA              

Statistics by Class:

                     Class: 0 Class: 1 Class: 2 Class: 3 Class: 4 Class: 5  Class: 6 Class: 7
Sensitivity           0.57901  0.40000   0.9367  0.58787 0.485437 0.448276 0.3529412 0.490909
Specificity           0.97828  0.99340   0.6245  0.96251 0.997205 0.998613 0.9997031 0.999305
Pos Pred Value        0.71408  0.62428   0.8938  0.62514 0.641026 0.481481 0.6666667 0.794118
Neg Pred Value        0.96124  0.98372   0.7452  0.95644 0.994723 0.998415 0.9989122 0.997224
Precision             0.71408  0.62428   0.8938  0.62514 0.641026 0.481481 0.6666667 0.794118
Recall                0.57901  0.40000   0.9367  0.58787 0.485437 0.448276 0.3529412 0.490909
F1                    0.63949  0.48758   0.9148  0.60593 0.552486 0.464286 0.4615385 0.606742
Prevalence            0.08566  0.02668   0.7714  0.09614 0.010177 0.002865 0.0016797 0.005434
Detection Rate        0.04960  0.01067   0.7226  0.05652 0.004940 0.001284 0.0005928 0.002668
Detection Prevalence  0.06946  0.01709   0.8084  0.09041 0.007707 0.002668 0.0008892 0.003359
Balanced Accuracy     0.77864  0.69670   0.7806  0.77519 0.741321 0.723444 0.6763221 0.745107
