Confusion Matrix and Statistics

          Reference
Prediction    0    1    2    3    4    5    6    7
         0  229    9   91   25    4    2    2    2
         1    3   30    6    1    0    0    0    0
         2  612  221 7631  715   81   22   13   42
         3   21   10   70  229    7    0    1    2
         4    0    0    3    1   11    0    0    0
         5    0    0    3    0    0    5    0    0
         6    0    0    0    0    0    0    1    0
         7    2    0    2    2    0    0    0    9

Overall Statistics
                                         
               Accuracy : 0.8048         
                 95% CI : (0.797, 0.8125)
    No Information Rate : 0.7713         
    P-Value [Acc > NIR] : < 2.2e-16      
                                         
                  Kappa : 0.3077         
                                         
 Mcnemar's Test P-Value : NA             

Statistics by Class:

                     Class: 0 Class: 1 Class: 2 Class: 3 Class: 4  Class: 5  Class: 6  Class: 7
Sensitivity           0.26413 0.111111   0.9776  0.23535 0.106796 0.1724138 5.882e-02 0.1636364
Specificity           0.98541 0.998985   0.2627  0.98786 0.999601 0.9997027 1.000e+00 0.9994039
Pos Pred Value        0.62912 0.750000   0.8173  0.67353 0.733333 0.6250000 1.000e+00 0.6000000
Neg Pred Value        0.93460 0.976190   0.7765  0.92393 0.990896 0.9976266 9.984e-01 0.9954478
Precision             0.62912 0.750000   0.8173  0.67353 0.733333 0.6250000 1.000e+00 0.6000000
Recall                0.26413 0.111111   0.9776  0.23535 0.106796 0.1724138 5.882e-02 0.1636364
F1                    0.37206 0.193548   0.8903  0.34882 0.186441 0.2702703 1.111e-01 0.2571429
Prevalence            0.08567 0.026680   0.7713  0.09615 0.010178 0.0028656 1.680e-03 0.0054348
Detection Rate        0.02263 0.002964   0.7541  0.02263 0.001087 0.0004941 9.881e-05 0.0008893
Detection Prevalence  0.03597 0.003953   0.9226  0.03360 0.001482 0.0007905 9.881e-05 0.0014822
Balanced Accuracy     0.62477 0.555048   0.6202  0.61161 0.553198 0.5860582 5.294e-01 0.5815201
