Confusion Matrix and Statistics

          Reference
Prediction    0    1    2    3    4    5    6    7
         0  403   11  122   36    1    1    0    2
         1    5   84   37    3    1    0    1    0
         2  425  158 7458  488   60   13    7   30
         3   32   14  158  441    4    1    2    3
         4    1    0   13    4   37    0    0    0
         5    0    2    6    0    0   13    0    1
         6    0    0    4    0    0    0    7    0
         7    1    1    8    1    0    1    0   19

Overall Statistics
                                          
               Accuracy : 0.8362          
                 95% CI : (0.8288, 0.8433)
    No Information Rate : 0.7713          
    P-Value [Acc > NIR] : < 2.2e-16       
                                          
                  Kappa : 0.5036          
                                          
 Mcnemar's Test P-Value : NA              

Statistics by Class:

                     Class: 0 Class: 1 Class: 2 Class: 3 Class: 4 Class: 5  Class: 6 Class: 7
Sensitivity           0.46482  0.31111   0.9554  0.45324 0.359223 0.448276 0.4117647 0.345455
Specificity           0.98130  0.99523   0.4896  0.97660 0.998203 0.999108 0.9996041 0.998808
Pos Pred Value        0.69965  0.64122   0.8633  0.67328 0.672727 0.590909 0.6363636 0.612903
Neg Pred Value        0.95138  0.98138   0.7650  0.94379 0.993443 0.998416 0.9990108 0.996432
Precision             0.69965  0.64122   0.8633  0.67328 0.672727 0.590909 0.6363636 0.612903
Recall                0.46482  0.31111   0.9554  0.45324 0.359223 0.448276 0.4117647 0.345455
F1                    0.55856  0.41895   0.9070  0.54177 0.468354 0.509804 0.5000000 0.441860
Prevalence            0.08567  0.02668   0.7713  0.09615 0.010178 0.002866 0.0016798 0.005435
Detection Rate        0.03982  0.00830   0.7370  0.04358 0.003656 0.001285 0.0006917 0.001877
Detection Prevalence  0.05692  0.01294   0.8537  0.06472 0.005435 0.002174 0.0010870 0.003063
Balanced Accuracy     0.72306  0.65317   0.7225  0.71492 0.678713 0.723692 0.7056844 0.672131
