Confusion Matrix and Statistics

          Reference
Prediction    0    1    2    3    4    5    6    7
         0  533   44  259   76   14    5    3    6
         1   12  101   52    8    4    2    1    2
         2  262  107 7135  294   47   10    8   27
         3   60   18  349  591   19    4    2    7
         4    2    1   15    3   22    0    0    1
         5    0    0    4    0    0    8    0    0
         6    0    0    0    0    0    0    2    0
         7    0    0    5    2    1    1    1   13

Overall Statistics
                                          
               Accuracy : 0.8287          
                 95% CI : (0.8212, 0.8359)
    No Information Rate : 0.7709          
    P-Value [Acc > NIR] : < 2.2e-16       
                                          
                  Kappa : 0.5514          
                                          
 Mcnemar's Test P-Value : NA              

Statistics by Class:

                     Class: 0 Class: 1 Class: 2 Class: 3 Class: 4  Class: 5  Class: 6 Class: 7
Sensitivity           0.61335 0.372694   0.9125  0.60678 0.205607 0.2666667 0.1176471 0.232143
Specificity           0.95611 0.991795   0.6751  0.94994 0.997808 0.9996045 1.0000000 0.999009
Pos Pred Value        0.56702 0.554945   0.9043  0.56286 0.500000 0.6666667 1.0000000 0.565217
Neg Pred Value        0.96349 0.982933   0.6964  0.95788 0.991583 0.9978284 0.9985209 0.995751
Precision             0.56702 0.554945   0.9043  0.56286 0.500000 0.6666667 1.0000000 0.565217
Recall                0.61335 0.372694   0.9125  0.60678 0.205607 0.2666667 0.1176471 0.232143
F1                    0.58928 0.445916   0.9084  0.58399 0.291391 0.3809524 0.2105263 0.329114
Prevalence            0.08567 0.026718   0.7709  0.09603 0.010549 0.0029577 0.0016760 0.005521
Detection Rate        0.05255 0.009958   0.7034  0.05827 0.002169 0.0007887 0.0001972 0.001282
Detection Prevalence  0.09267 0.017943   0.7779  0.10352 0.004338 0.0011831 0.0001972 0.002268
Balanced Accuracy     0.78473 0.682244   0.7938  0.77836 0.601708 0.6331356 0.5588235 0.615576
