Confusion Matrix and Statistics

          Reference
Prediction    0    1    2    3    4    5    6    7
         0  321   15  175   32    6    2    0    2
         1    6   35   35    7    0    0    0    1
         2  499  203 7407  568   69   22   10   34
         3   38   16  172  359    3    0    1    4
         4    1    1   13    4   25    0    0    0
         5    0    0    0    0    0    5    0    0
         6    1    0    3    1    0    0    6    0
         7    1    0    1    2    0    0    0   14

Overall Statistics
                                          
               Accuracy : 0.8075          
                 95% CI : (0.7997, 0.8152)
    No Information Rate : 0.7713          
    P-Value [Acc > NIR] : < 2.2e-16       
                                          
                  Kappa : 0.3942          
                                          
 Mcnemar's Test P-Value : NA              

Statistics by Class:

                     Class: 0 Class: 1 Class: 2 Class: 3 Class: 4  Class: 5  Class: 6 Class: 7
Sensitivity           0.37024 0.129630   0.9489  0.36896 0.242718 0.1724138 0.3529412 0.254545
Specificity           0.97493 0.995025   0.3928  0.97442 0.998103 1.0000000 0.9995051 0.999603
Pos Pred Value        0.58047 0.416667   0.8406  0.60540 0.568182 1.0000000 0.5454545 0.777778
Neg Pred Value        0.94293 0.976584   0.6950  0.93555 0.992259 0.9976273 0.9989119 0.995941
Precision             0.58047 0.416667   0.8406  0.60540 0.568182 1.0000000 0.5454545 0.777778
Recall                0.37024 0.129630   0.9489  0.36896 0.242718 0.1724138 0.3529412 0.254545
F1                    0.45211 0.197740   0.8914  0.45849 0.340136 0.2941176 0.4285714 0.383562
Prevalence            0.08567 0.026680   0.7713  0.09615 0.010178 0.0028656 0.0016798 0.005435
Detection Rate        0.03172 0.003458   0.7319  0.03547 0.002470 0.0004941 0.0005929 0.001383
Detection Prevalence  0.05464 0.008300   0.8708  0.05860 0.004348 0.0004941 0.0010870 0.001779
Balanced Accuracy     0.67258 0.562328   0.6709  0.67169 0.620411 0.5862069 0.6762231 0.627074
