Confusion Matrix and Statistics

          Reference
Prediction    0    1    2    3    4    5    6    7
         0   81    4   54   13    2    0    0    0
         1    3   13   15    5    0    0    0    2
         2  758  239 7593  756   83   23   14   35
         3   20   11  128  196    7    4    2    4
         4    2    0    4    1   11    0    0    0
         5    0    0    4    0    0    2    1    0
         6    0    0    1    0    0    0    0    1
         7    3    3    7    2    0    0    0   13

Overall Statistics
                                          
               Accuracy : 0.7815          
                 95% CI : (0.7733, 0.7895)
    No Information Rate : 0.7713          
    P-Value [Acc > NIR] : 0.007408        
                                          
                  Kappa : 0.1934          
                                          
 Mcnemar's Test P-Value : NA              

Statistics by Class:

                     Class: 0 Class: 1 Class: 2 Class: 3 Class: 4  Class: 5  Class: 6 Class: 7
Sensitivity          0.093426 0.048148   0.9727  0.20144 0.106796 0.0689655 0.0000000 0.236364
Specificity          0.992111 0.997462   0.1755  0.98076 0.999301 0.9995045 0.9998020 0.998510
Pos Pred Value       0.525974 0.342105   0.7992  0.52688 0.611111 0.2857143 0.0000000 0.464286
Neg Pred Value       0.921132 0.974509   0.6559  0.92029 0.990893 0.9973302 0.9983198 0.995838
Precision            0.525974 0.342105   0.7992  0.52688 0.611111 0.2857143 0.0000000 0.464286
Recall               0.093426 0.048148   0.9727  0.20144 0.106796 0.0689655 0.0000000 0.236364
F1                   0.158668 0.084416   0.8774  0.29145 0.181818 0.1111111       NaN 0.313253
Prevalence           0.085672 0.026680   0.7713  0.09615 0.010178 0.0028656 0.0016798 0.005435
Detection Rate       0.008004 0.001285   0.7503  0.01937 0.001087 0.0001976 0.0000000 0.001285
Detection Prevalence 0.015217 0.003755   0.9388  0.03676 0.001779 0.0006917 0.0001976 0.002767
Balanced Accuracy    0.542768 0.522805   0.5741  0.59110 0.553049 0.5342350 0.4999010 0.617437
