Confusion Matrix and Statistics

          Reference
Prediction    0    1    2    3    4    5    6
         0   55   18    5    0    0    0    0
         1  213 7760  807   88   25   17   52
         2    3   31  160    0    0    0    0
         3    0    4    0   19    0    0    0
         4    0    2    1    0    5    0    0
         5    0    1    0    0    0    0    0
         6    0    3    1    0    0    0    4

Overall Statistics
                                          
               Accuracy : 0.863           
                 95% CI : (0.8558, 0.8699)
    No Information Rate : 0.8431          
    P-Value [Acc > NIR] : 4.885e-08       
                                          
                  Kappa : 0.2502          
                                          
 Mcnemar's Test P-Value : NA              

Statistics by Class:

                     Class: 0 Class: 1 Class: 2 Class: 3  Class: 4  Class: 5  Class: 6
Sensitivity          0.202952   0.9925  0.16427 0.177570 0.1666667 0.0000000 0.0714286
Specificity          0.997445   0.1739  0.99590 0.999564 0.9996755 0.9998920 0.9995661
Pos Pred Value       0.705128   0.8659  0.82474 0.826087 0.6250000 0.0000000 0.5000000
Neg Pred Value       0.976512   0.8109  0.91035 0.990488 0.9973020 0.9981667 0.9943881
Precision            0.705128   0.8659  0.82474 0.826087 0.6250000 0.0000000 0.5000000
Recall               0.202952   0.9925  0.16427 0.177570 0.1666667 0.0000000 0.0714286
F1                   0.315186   0.9249  0.27397 0.292308 0.2631579       NaN 0.1250000
Prevalence           0.029221   0.8431  0.10502 0.011538 0.0032349 0.0018331 0.0060384
Detection Rate       0.005931   0.8367  0.01725 0.002049 0.0005391 0.0000000 0.0004313
Detection Prevalence 0.008411   0.9664  0.02092 0.002480 0.0008626 0.0001078 0.0008626
Balanced Accuracy    0.600199   0.5832  0.58009 0.588567 0.5831711 0.4999460 0.5354973
