Confusion Matrix and Statistics

          Reference
Prediction    0    1    2    3    4    5    6    7
         0  293    8   96   25    5    1    0    3
         1    7   78   36    3    0    0    0    1
         2  540  172 7514  620   59   15    8   27
         3   22    9  123  317    6    0    0    3
         4    2    2   11    2   33    0    0    0
         5    2    0   11    0    0   13    1    1
         6    0    0    7    4    0    0    8    0
         7    1    1    8    2    0    0    0   20

Overall Statistics
                                          
               Accuracy : 0.8178          
                 95% CI : (0.8101, 0.8253)
    No Information Rate : 0.7713          
    P-Value [Acc > NIR] : < 2.2e-16       
                                          
                  Kappa : 0.41            
                                          
 Mcnemar's Test P-Value : NA              

Statistics by Class:

                     Class: 0 Class: 1 Class: 2 Class: 3 Class: 4 Class: 5  Class: 6 Class: 7
Sensitivity           0.33795 0.288889   0.9626  0.32580 0.320388 0.448276 0.4705882 0.363636
Specificity           0.98509 0.995228   0.3773  0.98218 0.998303 0.998514 0.9989112 0.998808
Pos Pred Value        0.67981 0.624000   0.8391  0.66042 0.660000 0.464286 0.4210526 0.625000
Neg Pred Value        0.94076 0.980790   0.7494  0.93195 0.993049 0.998415 0.9991090 0.996531
Precision             0.67981 0.624000   0.8391  0.66042 0.660000 0.464286 0.4210526 0.625000
Recall                0.33795 0.288889   0.9626  0.32580 0.320388 0.448276 0.4705882 0.363636
F1                    0.45146 0.394937   0.8966  0.43634 0.431373 0.456140 0.4444444 0.459770
Prevalence            0.08567 0.026680   0.7713  0.09615 0.010178 0.002866 0.0016798 0.005435
Detection Rate        0.02895 0.007708   0.7425  0.03132 0.003261 0.001285 0.0007905 0.001976
Detection Prevalence  0.04259 0.012352   0.8849  0.04743 0.004941 0.002767 0.0018775 0.003162
Balanced Accuracy     0.66152 0.642059   0.6699  0.65399 0.659346 0.723395 0.7347497 0.681222
