Confusion Matrix and Statistics

          Reference
Prediction    0    1    2    3    4    5    6    7
         0  296   12  130   44    7    0    1    3
         1    4   45   24    6    0    0    0    0
         2  539  199 7546  671   72   26   13   42
         3   27   10   96  246    9    2    2    2
         4    1    3    7    4   15    0    0    0
         5    0    0    0    0    0    1    0    0
         6    0    0    0    0    0    0    1    0
         7    0    1    3    2    0    0    0    8

Overall Statistics
                                          
               Accuracy : 0.8061          
                 95% CI : (0.7983, 0.8138)
    No Information Rate : 0.7713          
    P-Value [Acc > NIR] : < 2.2e-16       
                                          
                  Kappa : 0.3486          
                                          
 Mcnemar's Test P-Value : NA              

Statistics by Class:

                     Class: 0 Class: 1 Class: 2 Class: 3 Class: 4  Class: 5  Class: 6  Class: 7
Sensitivity           0.34141 0.166667   0.9667  0.25283 0.145631 3.448e-02 5.882e-02 0.1454545
Specificity           0.97871 0.996548   0.3250  0.98382 0.998503 1.000e+00 1.000e+00 0.9994039
Pos Pred Value        0.60041 0.569620   0.8285  0.62437 0.500000 1.000e+00 1.000e+00 0.5714286
Neg Pred Value        0.94069 0.977592   0.7431  0.92525 0.991278 9.972e-01 9.984e-01 0.9953493
Precision             0.60041 0.569620   0.8285  0.62437 0.500000 1.000e+00 1.000e+00 0.5714286
Recall                0.34141 0.166667   0.9667  0.25283 0.145631 3.448e-02 5.882e-02 0.1454545
F1                    0.43529 0.257880   0.8923  0.35991 0.225564 6.667e-02 1.111e-01 0.2318841
Prevalence            0.08567 0.026680   0.7713  0.09615 0.010178 2.866e-03 1.680e-03 0.0054348
Detection Rate        0.02925 0.004447   0.7457  0.02431 0.001482 9.881e-05 9.881e-05 0.0007905
Detection Prevalence  0.04872 0.007806   0.9000  0.03893 0.002964 9.881e-05 9.881e-05 0.0013834
Balanced Accuracy     0.66006 0.581607   0.6458  0.61832 0.572067 5.172e-01 5.294e-01 0.5724292
