Confusion Matrix and Statistics

          Reference
Prediction    0    1    2    3    4    5    6    7
         0  445   16  161   42    7    0    0    1
         1    9  107   52   10    3    1    0    1
         2  366  129 7374  421   46   13    6   20
         3   41   14  172  491    3    1    0    4
         4    4    1   16    5   44    0    1    0
         5    1    1    8    0    0   14    0    0
         6    0    1   11    2    0    0   10    0
         7    1    1   12    2    0    0    0   29

Overall Statistics
                                         
               Accuracy : 0.8413         
                 95% CI : (0.834, 0.8484)
    No Information Rate : 0.7713         
    P-Value [Acc > NIR] : < 2.2e-16      
                                         
                  Kappa : 0.5446         
                                         
 Mcnemar's Test P-Value : NA             

Statistics by Class:

                     Class: 0 Class: 1 Class: 2 Class: 3 Class: 4 Class: 5  Class: 6 Class: 7
Sensitivity           0.51326  0.39630   0.9447  0.50462 0.427184 0.482759 0.5882353 0.527273
Specificity           0.97547  0.99228   0.5674  0.97431 0.997305 0.999009 0.9986143 0.998410
Pos Pred Value        0.66220  0.58470   0.8805  0.67631 0.619718 0.583333 0.4166667 0.644444
Neg Pred Value        0.95533  0.98360   0.7524  0.94869 0.994129 0.998514 0.9993067 0.997419
Precision             0.66220  0.58470   0.8805  0.67631 0.619718 0.583333 0.4166667 0.644444
Recall                0.51326  0.39630   0.9447  0.50462 0.427184 0.482759 0.5882353 0.527273
F1                    0.57830  0.47241   0.9114  0.57799 0.505747 0.528302 0.4878049 0.580000
Prevalence            0.08567  0.02668   0.7713  0.09615 0.010178 0.002866 0.0016798 0.005435
Detection Rate        0.04397  0.01057   0.7287  0.04852 0.004348 0.001383 0.0009881 0.002866
Detection Prevalence  0.06640  0.01808   0.8276  0.07174 0.007016 0.002372 0.0023715 0.004447
Balanced Accuracy     0.74437  0.69429   0.7560  0.73947 0.712245 0.740884 0.7934248 0.762842
