Confusion Matrix and Statistics

          Reference
Prediction    0    1    2    3    4    5    6    7
         0  405    9  158   35    4    1    1    1
         1    6   83   31    3    0    0    0    0
         2  411  155 7388  421   58   11    3   26
         3   40   20  193  505    8    3    2    0
         4    2    0    8    1   32    0    0    0
         5    1    0    6    2    0   13    0    1
         6    0    0    8    1    0    0   11    1
         7    2    3   14    5    1    1    0   26

Overall Statistics
                                          
               Accuracy : 0.8363          
                 95% CI : (0.8289, 0.8434)
    No Information Rate : 0.7713          
    P-Value [Acc > NIR] : < 2.2e-16       
                                          
                  Kappa : 0.5202          
                                          
 Mcnemar's Test P-Value : NA              

Statistics by Class:

                     Class: 0 Class: 1 Class: 2 Class: 3 Class: 4 Class: 5 Class: 6 Class: 7
Sensitivity           0.46713 0.307407   0.9465  0.51901 0.310680 0.448276 0.647059 0.472727
Specificity           0.97741 0.995939   0.5311  0.97092 0.998902 0.999009 0.999010 0.997417
Pos Pred Value        0.65961 0.674797   0.8719  0.65499 0.744186 0.565217 0.523810 0.500000
Neg Pred Value        0.95140 0.981294   0.7462  0.94994 0.992954 0.998415 0.999406 0.997120
Precision             0.65961 0.674797   0.8719  0.65499 0.744186 0.565217 0.523810 0.500000
Recall                0.46713 0.307407   0.9465  0.51901 0.310680 0.448276 0.647059 0.472727
F1                    0.54693 0.422392   0.9077  0.57913 0.438356 0.500000 0.578947 0.485981
Prevalence            0.08567 0.026680   0.7713  0.09615 0.010178 0.002866 0.001680 0.005435
Detection Rate        0.04002 0.008202   0.7300  0.04990 0.003162 0.001285 0.001087 0.002569
Detection Prevalence  0.06067 0.012154   0.8373  0.07619 0.004249 0.002273 0.002075 0.005138
Balanced Accuracy     0.72227 0.651673   0.7388  0.74497 0.654791 0.723642 0.823035 0.735072
