Confusion Matrix and Statistics

          Reference
Prediction    0    1    2    3    4    5    6
         0  144  107   21    3    2    0    3
         1  110 7310  374   37    7   11   22
         2   13  321  560    8    2    0    2
         3    0   39    9   57    3    0    1
         4    1    4    3    0   15    1    0
         5    0   10    1    1    0    5    1
         6    3   28    6    1    1    0   27

Overall Statistics
                                         
               Accuracy : 0.8754         
                 95% CI : (0.8685, 0.882)
    No Information Rate : 0.8431         
    P-Value [Acc > NIR] : < 2.2e-16      
                                         
                  Kappa : 0.5436         
                                         
 Mcnemar's Test P-Value : NA             

Statistics by Class:

                     Class: 0 Class: 1 Class: 2 Class: 3 Class: 4  Class: 5 Class: 6
Sensitivity           0.53137   0.9349  0.57495 0.532710 0.500000 0.2941176 0.482143
Specificity           0.98489   0.6144  0.95831 0.994327 0.999026 0.9985957 0.995769
Pos Pred Value        0.51429   0.9287  0.61810 0.522936 0.625000 0.2777778 0.409091
Neg Pred Value        0.98588   0.6372  0.95053 0.994544 0.998378 0.9987035 0.996851
Precision             0.51429   0.9287  0.61810 0.522936 0.625000 0.2777778 0.409091
Recall                0.53137   0.9349  0.57495 0.532710 0.500000 0.2941176 0.482143
F1                    0.52269   0.9318  0.59574 0.527778 0.555556 0.2857143 0.442623
Prevalence            0.02922   0.8431  0.10502 0.011538 0.003235 0.0018331 0.006038
Detection Rate        0.01553   0.7882  0.06038 0.006146 0.001617 0.0005391 0.002911
Detection Prevalence  0.03019   0.8487  0.09769 0.011753 0.002588 0.0019409 0.007117
Balanced Accuracy     0.75813   0.7747  0.76663 0.763519 0.749513 0.6463567 0.738956
