Confusion Matrix and Statistics

          Reference
Prediction    0    1    2    3    4    5    6
         0  141   60   16    0    1    0    0
         1  115 7452  381   42   11    9   27
         2   13  256  569    7    1    0    2
         3    0   28    3   55    0    0    0
         4    1    5    2    1   17    2    0
         5    0    5    0    0    0    5    0
         6    1   13    3    2    0    1   27

Overall Statistics
                                          
               Accuracy : 0.8913          
                 95% CI : (0.8848, 0.8976)
    No Information Rate : 0.8431          
    P-Value [Acc > NIR] : < 2.2e-16       
                                          
                  Kappa : 0.5802          
                                          
 Mcnemar's Test P-Value : NA              

Statistics by Class:

                     Class: 0 Class: 1 Class: 2 Class: 3 Class: 4  Class: 5 Class: 6
Sensitivity           0.52030   0.9531  0.58419 0.514019 0.566667 0.2941176 0.482143
Specificity           0.99145   0.5979  0.96639 0.996618 0.998810 0.9994599 0.997830
Pos Pred Value        0.64679   0.9272  0.67099 0.639535 0.607143 0.5000000 0.574468
Neg Pred Value        0.98564   0.7033  0.95193 0.994340 0.998594 0.9987047 0.996857
Precision             0.64679   0.9272  0.67099 0.639535 0.607143 0.5000000 0.574468
Recall                0.52030   0.9531  0.58419 0.514019 0.566667 0.2941176 0.482143
F1                    0.57669   0.9400  0.62459 0.569948 0.586207 0.3703704 0.524272
Prevalence            0.02922   0.8431  0.10502 0.011538 0.003235 0.0018331 0.006038
Detection Rate        0.01520   0.8035  0.06135 0.005931 0.001833 0.0005391 0.002911
Detection Prevalence  0.02351   0.8666  0.09144 0.009273 0.003019 0.0010783 0.005068
Balanced Accuracy     0.75587   0.7755  0.77529 0.755318 0.782738 0.6467888 0.739987
