Confusion Matrix and Statistics

          Reference
Prediction    0    1    2    3    4    5    6
         0  131   61    5    2    2    0    1
         1  114 7345  342   44   10    8   21
         2   22  368  618    7    0    2    5
         3    1   23    6   52    1    0    1
         4    1    4    2    1   17    2    0
         5    0    6    0    0    0    4    0
         6    2   12    1    1    0    1   28

Overall Statistics
                                         
               Accuracy : 0.8837         
                 95% CI : (0.877, 0.8901)
    No Information Rate : 0.8431         
    P-Value [Acc > NIR] : < 2.2e-16      
                                         
                  Kappa : 0.5705         
                                         
 Mcnemar's Test P-Value : NA             

Statistics by Class:

                     Class: 0 Class: 1 Class: 2 Class: 3 Class: 4  Class: 5 Class: 6
Sensitivity           0.48339   0.9394  0.63450 0.485981 0.566667 0.2352941 0.500000
Specificity           0.99211   0.6296  0.95133 0.996509 0.998918 0.9993518 0.998156
Pos Pred Value        0.64851   0.9316  0.60470 0.619048 0.629630 0.4000000 0.622222
Neg Pred Value        0.98457   0.6590  0.95686 0.994015 0.998594 0.9985967 0.996966
Precision             0.64851   0.9316  0.60470 0.619048 0.629630 0.4000000 0.622222
Recall                0.48339   0.9394  0.63450 0.485981 0.566667 0.2352941 0.500000
F1                    0.55391   0.9355  0.61924 0.544503 0.596491 0.2962963 0.554455
Prevalence            0.02922   0.8431  0.10502 0.011538 0.003235 0.0018331 0.006038
Detection Rate        0.01413   0.7920  0.06664 0.005607 0.001833 0.0004313 0.003019
Detection Prevalence  0.02178   0.8501  0.11020 0.009058 0.002911 0.0010783 0.004852
Balanced Accuracy     0.73775   0.7845  0.79291 0.741245 0.782792 0.6173230 0.749078
