Confusion Matrix and Statistics

          Reference
Prediction    0    1    2    3    4    5    6
         0  143   68    8    2    0    0    1
         1  102 7370  351   37    9    8   20
         2   18  339  610   11    2    0    9
         3    4   20    3   55    1    0    1
         4    0    4    0    0   18    2    0
         5    1    3    0    0    0    6    0
         6    3   15    2    2    0    1   25

Overall Statistics
                                          
               Accuracy : 0.8871          
                 95% CI : (0.8805, 0.8935)
    No Information Rate : 0.8431          
    P-Value [Acc > NIR] : < 2.2e-16       
                                          
                  Kappa : 0.5819          
                                          
 Mcnemar's Test P-Value : NA              

Statistics by Class:

                     Class: 0 Class: 1 Class: 2 Class: 3 Class: 4 Class: 5 Class: 6
Sensitivity           0.52768   0.9426  0.62628 0.514019 0.600000 0.352941 0.446429
Specificity           0.99123   0.6378  0.95434 0.996836 0.999351 0.999568 0.997505
Pos Pred Value        0.64414   0.9333  0.61678 0.654762 0.750000 0.600000 0.520833
Neg Pred Value        0.98586   0.6739  0.95607 0.994342 0.998703 0.998813 0.996640
Precision             0.64414   0.9333  0.61678 0.654762 0.750000 0.600000 0.520833
Recall                0.52768   0.9426  0.62628 0.514019 0.600000 0.352941 0.446429
F1                    0.58012   0.9379  0.62150 0.575916 0.666667 0.444444 0.480769
Prevalence            0.02922   0.8431  0.10502 0.011538 0.003235 0.001833 0.006038
Detection Rate        0.01542   0.7947  0.06578 0.005931 0.001941 0.000647 0.002696
Detection Prevalence  0.02394   0.8515  0.10664 0.009058 0.002588 0.001078 0.005176
Balanced Accuracy     0.75945   0.7902  0.79031 0.755428 0.799675 0.676255 0.721967
