Confusion Matrix and Statistics

          Reference
Prediction    0    1    2    3    4    5    6    7
         0  491   15  176   41    3    1    1    1
         1   14  109   41    8    2    0    0    0
         2  317  124 7322  336   41   12    7   20
         3   40   20  240  581    4    4    1    5
         4    4    0   14    3   53    0    1    1
         5    0    0    4    0    0   12    0    0
         6    0    1    3    2    0    0    7    0
         7    1    1    7    2    0    0    0   28

Overall Statistics
                                          
               Accuracy : 0.85            
                 95% CI : (0.8429, 0.8569)
    No Information Rate : 0.7714          
    P-Value [Acc > NIR] : < 2.2e-16       
                                          
                  Kappa : 0.585           
                                          
 Mcnemar's Test P-Value : NA              

Statistics by Class:

                     Class: 0 Class: 1 Class: 2 Class: 3 Class: 4 Class: 5  Class: 6 Class: 7
Sensitivity           0.56632  0.40370   0.9379  0.59712 0.514563 0.413793 0.4117647 0.509091
Specificity           0.97428  0.99340   0.6296  0.96568 0.997704 0.999604 0.9994062 0.998907
Pos Pred Value        0.67353  0.62644   0.8952  0.64916 0.697368 0.750000 0.5384615 0.717949
Neg Pred Value        0.95997  0.98381   0.7503  0.95751 0.995022 0.998318 0.9990107 0.997322
Precision             0.67353  0.62644   0.8952  0.64916 0.697368 0.750000 0.5384615 0.717949
Recall                0.56632  0.40370   0.9379  0.59712 0.514563 0.413793 0.4117647 0.509091
F1                    0.61529  0.49099   0.9161  0.62206 0.592179 0.533333 0.4666667 0.595745
Prevalence            0.08566  0.02668   0.7714  0.09614 0.010177 0.002865 0.0016797 0.005434
Detection Rate        0.04851  0.01077   0.7234  0.05741 0.005237 0.001186 0.0006916 0.002767
Detection Prevalence  0.07203  0.01719   0.8081  0.08843 0.007509 0.001581 0.0012845 0.003853
Balanced Accuracy     0.77030  0.69855   0.7838  0.78140 0.756134 0.706698 0.7055854 0.753999
