Confusion Matrix and Statistics

          Reference
Prediction    0    1    2    3    4    5    6    7
         0  339   10  127   48    3    3    0    3
         1    4   52   29    6    2    0    0    0
         2  492  198 7524  570   68   17   12   30
         3   29   10  110  340    4    1    0    2
         4    2    0   11    5   26    0    0    0
         5    0    0    1    0    0    8    0    1
         6    0    0    0    1    0    0    4    0
         7    1    0    4    3    0    0    1   19

Overall Statistics
                                          
               Accuracy : 0.8213          
                 95% CI : (0.8137, 0.8288)
    No Information Rate : 0.7713          
    P-Value [Acc > NIR] : < 2.2e-16       
                                          
                  Kappa : 0.426           
                                          
 Mcnemar's Test P-Value : NA              

Statistics by Class:

                     Class: 0 Class: 1 Class: 2 Class: 3 Class: 4  Class: 5  Class: 6 Class: 7
Sensitivity           0.39100 0.192593   0.9639  0.34943 0.252427 0.2758621 0.2352941 0.345455
Specificity           0.97903 0.995838   0.4006  0.98295 0.998203 0.9998018 0.9999010 0.999106
Pos Pred Value        0.63602 0.559140   0.8443  0.68548 0.590909 0.8000000 0.8000000 0.678571
Neg Pred Value        0.94493 0.978259   0.7667  0.93423 0.992358 0.9979228 0.9987148 0.996433
Precision             0.63602 0.559140   0.8443  0.68548 0.590909 0.8000000 0.8000000 0.678571
Recall                0.39100 0.192593   0.9639  0.34943 0.252427 0.2758621 0.2352941 0.345455
F1                    0.48429 0.286501   0.9002  0.46290 0.353741 0.4102564 0.3636364 0.457831
Prevalence            0.08567 0.026680   0.7713  0.09615 0.010178 0.0028656 0.0016798 0.005435
Detection Rate        0.03350 0.005138   0.7435  0.03360 0.002569 0.0007905 0.0003953 0.001877
Detection Prevalence  0.05267 0.009190   0.8805  0.04901 0.004348 0.0009881 0.0004941 0.002767
Balanced Accuracy     0.68502 0.594215   0.6822  0.66619 0.625315 0.6378319 0.6175976 0.672280
