Confusion Matrix and Statistics

          Reference
Prediction    0    1    2    3    4    5    6
         0  131   91   18    1    0    0    2
         1  118 7372  440   57   16    7   28
         2   19  304  505    7    2    3    7
         3    2   22    4   40    0    0    0
         4    0    5    1    0   12    1    1
         5    0    6    2    0    0    5    0
         6    1   19    4    2    0    1   18

Overall Statistics
                                          
               Accuracy : 0.8716          
                 95% CI : (0.8646, 0.8783)
    No Information Rate : 0.8431          
    P-Value [Acc > NIR] : 5.746e-15       
                                          
                  Kappa : 0.5037          
                                          
 Mcnemar's Test P-Value : NA              

Statistics by Class:

                     Class: 0 Class: 1 Class: 2 Class: 3 Class: 4  Class: 5 Class: 6
Sensitivity           0.48339   0.9428  0.51848 0.373832 0.400000 0.2941176 0.321429
Specificity           0.98756   0.5423  0.95880 0.996946 0.999135 0.9991358 0.997071
Pos Pred Value        0.53909   0.9171  0.59622 0.588235 0.600000 0.3846154 0.400000
Neg Pred Value        0.98450   0.6383  0.94435 0.992722 0.998055 0.9987042 0.995883
Precision             0.53909   0.9171  0.59622 0.588235 0.600000 0.3846154 0.400000
Recall                0.48339   0.9428  0.51848 0.373832 0.400000 0.2941176 0.321429
F1                    0.50973   0.9298  0.55464 0.457143 0.480000 0.3333333 0.356436
Prevalence            0.02922   0.8431  0.10502 0.011538 0.003235 0.0018331 0.006038
Detection Rate        0.01413   0.7949  0.05445 0.004313 0.001294 0.0005391 0.001941
Detection Prevalence  0.02620   0.8667  0.09133 0.007332 0.002157 0.0014018 0.004852
Balanced Accuracy     0.73548   0.7425  0.73864 0.685389 0.699567 0.6466267 0.659250
