Confusion Matrix and Statistics

          Reference
Prediction    0    1    2    3    4    5    6    7
         0  277   10   80   28    2    0    0    0
         1    2   50   15    3    0    0    0    0
         2  558  193 7591  623   70   16   10   36
         3   29   15  104  317    6    1    3    2
         4    0    2    7    0   25    0    0    0
         5    0    0    3    1    0   12    0    0
         6    0    0    4    0    0    0    4    0
         7    1    0    2    1    0    0    0   17

Overall Statistics
                                          
               Accuracy : 0.8195          
                 95% CI : (0.8118, 0.8269)
    No Information Rate : 0.7713          
    P-Value [Acc > NIR] : < 2.2e-16       
                                          
                  Kappa : 0.3952          
                                          
 Mcnemar's Test P-Value : NA              

Statistics by Class:

                     Class: 0 Class: 1 Class: 2 Class: 3 Class: 4 Class: 5  Class: 6 Class: 7
Sensitivity           0.31949 0.185185   0.9725  0.32580  0.24272 0.413793 0.2352941 0.309091
Specificity           0.98703 0.997970   0.3492  0.98251  0.99910 0.999604 0.9996041 0.999603
Pos Pred Value        0.69773 0.714286   0.8345  0.66457  0.73529 0.750000 0.5000000 0.809524
Neg Pred Value        0.93932 0.978109   0.7898  0.93197  0.99227 0.998317 0.9987144 0.996237
Precision             0.69773 0.714286   0.8345  0.66457  0.73529 0.750000 0.5000000 0.809524
Recall                0.31949 0.185185   0.9725  0.32580  0.24272 0.413793 0.2352941 0.309091
F1                    0.43829 0.294118   0.8982  0.43724  0.36496 0.533333 0.3200000 0.447368
Prevalence            0.08567 0.026680   0.7713  0.09615  0.01018 0.002866 0.0016798 0.005435
Detection Rate        0.02737 0.004941   0.7501  0.03132  0.00247 0.001186 0.0003953 0.001680
Detection Prevalence  0.03923 0.006917   0.8989  0.04713  0.00336 0.001581 0.0007905 0.002075
Balanced Accuracy     0.65326 0.591577   0.6608  0.65415  0.62091 0.706698 0.6174491 0.654347
