Confusion Matrix and Statistics

          Reference
Prediction    0    1    2    3    4    5    6    7
         0  540   25  161   31    3    1    0    3
         1    7  126   56   10    2    0    0    0
         2  290  104 7362  373   36    9   12   20
         3   23   11  190  550    1    1    1    3
         4    4    2   24    5   61    0    0    0
         5    1    1    2    1    0   17    0    0
         6    0    0    5    2    0    1    4    0
         7    2    1    7    1    0    0    0   29

Overall Statistics
                                          
               Accuracy : 0.8585          
                 95% CI : (0.8516, 0.8652)
    No Information Rate : 0.7714          
    P-Value [Acc > NIR] : < 2.2e-16       
                                          
                  Kappa : 0.607           
                                          
 Mcnemar's Test P-Value : NA              

Statistics by Class:

                     Class: 0 Class: 1 Class: 2 Class: 3 Class: 4 Class: 5  Class: 6 Class: 7
Sensitivity           0.62284  0.46667   0.9430  0.56526 0.592233 0.586207 0.2352941 0.527273
Specificity           0.97579  0.99239   0.6353  0.97486 0.996506 0.999505 0.9992082 0.998907
Pos Pred Value        0.70681  0.62687   0.8971  0.70513 0.635417 0.772727 0.3333333 0.725000
Neg Pred Value        0.96505  0.98548   0.7676  0.95472 0.995810 0.998812 0.9987140 0.997421
Precision             0.70681  0.62687   0.8971  0.70513 0.635417 0.772727 0.3333333 0.725000
Recall                0.62284  0.46667   0.9430  0.56526 0.592233 0.586207 0.2352941 0.527273
F1                    0.66217  0.53503   0.9195  0.62750 0.613065 0.666667 0.2758621 0.610526
Prevalence            0.08566  0.02668   0.7714  0.09614 0.010177 0.002865 0.0016797 0.005434
Detection Rate        0.05335  0.01245   0.7274  0.05434 0.006027 0.001680 0.0003952 0.002865
Detection Prevalence  0.07549  0.01986   0.8108  0.07707 0.009485 0.002174 0.0011857 0.003952
Balanced Accuracy     0.79932  0.72953   0.7891  0.77006 0.794370 0.792856 0.6172512 0.763090
