Confusion Matrix and Statistics

          Reference
Prediction    0    1    2    3    4    5    6
         0  133   55   15    4    1    0    0
         1  109 7430  369   43   11   10   23
         2   21  295  580    7    2    0    7
         3    3   16    3   50    0    0    1
         4    0    4    3    1   16    2    1
         5    0    9    2    0    0    5    0
         6    5   10    2    2    0    0   24

Overall Statistics
                                          
               Accuracy : 0.8883          
                 95% CI : (0.8817, 0.8946)
    No Information Rate : 0.8431          
    P-Value [Acc > NIR] : < 2.2e-16       
                                          
                  Kappa : 0.5737          
                                          
 Mcnemar's Test P-Value : NA              

Statistics by Class:

                     Class: 0 Class: 1 Class: 2 Class: 3 Class: 4  Class: 5 Class: 6
Sensitivity           0.49077   0.9502  0.59548 0.467290 0.533333 0.2941176 0.428571
Specificity           0.99167   0.6117  0.96000 0.997491 0.998810 0.9988117 0.997939
Pos Pred Value        0.63942   0.9293  0.63596 0.684932 0.592593 0.3125000 0.558140
Neg Pred Value        0.98478   0.6959  0.95288 0.993805 0.998486 0.9987038 0.996533
Precision             0.63942   0.9293  0.63596 0.684932 0.592593 0.3125000 0.558140
Recall                0.49077   0.9502  0.59548 0.467290 0.533333 0.2941176 0.428571
F1                    0.55532   0.9397  0.61506 0.555556 0.561404 0.3030303 0.484848
Prevalence            0.02922   0.8431  0.10502 0.011538 0.003235 0.0018331 0.006038
Detection Rate        0.01434   0.8012  0.06254 0.005391 0.001725 0.0005391 0.002588
Detection Prevalence  0.02243   0.8621  0.09834 0.007871 0.002911 0.0017253 0.004637
Balanced Accuracy     0.74122   0.7810  0.77774 0.732390 0.766072 0.6464647 0.713255
