Confusion Matrix and Statistics

          Reference
Prediction    0    1    2    3    4    5    6
         0  128   62   10    1    1    0    0
         1  123 7429  385   46    9    8   25
         2   14  280  573   10    2    1    5
         3    0   23    1   49    2    0    1
         4    2    7    2    0   16    2    1
         5    1    6    0    0    0    5    1
         6    3   12    3    1    0    1   23

Overall Statistics
                                        
               Accuracy : 0.8867        
                 95% CI : (0.88, 0.8931)
    No Information Rate : 0.8431        
    P-Value [Acc > NIR] : < 2.2e-16     
                                        
                  Kappa : 0.5635        
                                        
 Mcnemar's Test P-Value : NA            

Statistics by Class:

                     Class: 0 Class: 1 Class: 2 Class: 3 Class: 4  Class: 5 Class: 6
Sensitivity           0.47232   0.9501  0.58830 0.457944 0.533333 0.2941176 0.410714
Specificity           0.99178   0.5904  0.96241 0.997055 0.998486 0.9991358 0.997830
Pos Pred Value        0.63366   0.9257  0.64746 0.644737 0.533333 0.3846154 0.534884
Neg Pred Value        0.98424   0.6878  0.95220 0.993694 0.998486 0.9987042 0.996425
Precision             0.63366   0.9257  0.64746 0.644737 0.533333 0.3846154 0.534884
Recall                0.47232   0.9501  0.58830 0.457944 0.533333 0.2941176 0.410714
F1                    0.54123   0.9378  0.61646 0.535519 0.533333 0.3333333 0.464646
Prevalence            0.02922   0.8431  0.10502 0.011538 0.003235 0.0018331 0.006038
Detection Rate        0.01380   0.8011  0.06179 0.005284 0.001725 0.0005391 0.002480
Detection Prevalence  0.02178   0.8653  0.09543 0.008195 0.003235 0.0014018 0.004637
Balanced Accuracy     0.73205   0.7702  0.77535 0.727499 0.765909 0.6466267 0.704272
