Confusion Matrix and Statistics

          Reference
Prediction    0    1    2    3    4    5    6    7
         0  167    2   48   11    2    0    0    1
         1    0   33   12    1    0    0    0    0
         2  684  227 7676  775   74   19   12   37
         3   14    8   54  185    4    0    1    1
         4    1    0    7    0   23    0    0    0
         5    0    0    3    0    0   10    0    1
         6    0    0    3    0    0    0    4    0
         7    1    0    3    1    0    0    0   15

Overall Statistics
                                          
               Accuracy : 0.8017          
                 95% CI : (0.7938, 0.8094)
    No Information Rate : 0.7713          
    P-Value [Acc > NIR] : 8.321e-14       
                                          
                  Kappa : 0.268           
                                          
 Mcnemar's Test P-Value : NA              

Statistics by Class:

                     Class: 0 Class: 1 Class: 2 Class: 3 Class: 4  Class: 5  Class: 6 Class: 7
Sensitivity           0.19262 0.122222   0.9833  0.19013 0.223301 0.3448276 0.2352941 0.272727
Specificity           0.99308 0.998680   0.2100  0.99104 0.999201 0.9996036 0.9997031 0.999503
Pos Pred Value        0.72294 0.717391   0.8077  0.69288 0.741935 0.7142857 0.5714286 0.750000
Neg Pred Value        0.92921 0.976474   0.7890  0.92002 0.992071 0.9981199 0.9987145 0.996040
Precision             0.72294 0.717391   0.8077  0.69288 0.741935 0.7142857 0.5714286 0.750000
Recall                0.19262 0.122222   0.9833  0.19013 0.223301 0.3448276 0.2352941 0.272727
F1                    0.30419 0.208861   0.8869  0.29839 0.343284 0.4651163 0.3333333 0.400000
Prevalence            0.08567 0.026680   0.7713  0.09615 0.010178 0.0028656 0.0016798 0.005435
Detection Rate        0.01650 0.003261   0.7585  0.01828 0.002273 0.0009881 0.0003953 0.001482
Detection Prevalence  0.02283 0.004545   0.9391  0.02638 0.003063 0.0013834 0.0006917 0.001976
Balanced Accuracy     0.59285 0.560451   0.5967  0.59058 0.611251 0.6722156 0.6174986 0.636115
