Confusion Matrix and Statistics

          Reference
Prediction    0    1    2    3    4    5    6    7
         0  382   11  104   26    1    2    0    2
         1    5   83   36    6    0    1    0    2
         2  447  157 7482  500   61   12    7   25
         3   27   15  159  434    4    0    0    1
         4    3    2    9    3   37    0    0    0
         5    2    0    4    1    0   14    1    1
         6    0    0    6    0    0    0    8    0
         7    1    2    6    3    0    0    1   24

Overall Statistics
                                         
               Accuracy : 0.8364         
                 95% CI : (0.829, 0.8435)
    No Information Rate : 0.7713         
    P-Value [Acc > NIR] : < 2.2e-16      
                                         
                  Kappa : 0.499          
                                         
 Mcnemar's Test P-Value : NA             

Statistics by Class:

                     Class: 0 Class: 1 Class: 2 Class: 3 Class: 4 Class: 5  Class: 6 Class: 7
Sensitivity           0.44060 0.307407   0.9585  0.44604 0.359223 0.482759 0.4705882 0.436364
Specificity           0.98422 0.994924   0.4775  0.97748 0.998303 0.999108 0.9994061 0.998708
Pos Pred Value        0.72348 0.624060   0.8609  0.67813 0.685185 0.608696 0.5714286 0.648649
Neg Pred Value        0.94944 0.981276   0.7733  0.94314 0.993443 0.998514 0.9991094 0.996926
Precision             0.72348 0.624060   0.8609  0.67812 0.685185 0.608696 0.5714286 0.648649
Recall                0.44060 0.307407   0.9585  0.44604 0.359223 0.482759 0.4705882 0.436364
F1                    0.54767 0.411911   0.9071  0.53813 0.471338 0.538462 0.5161290 0.521739
Prevalence            0.08567 0.026680   0.7713  0.09615 0.010178 0.002866 0.0016798 0.005435
Detection Rate        0.03775 0.008202   0.7393  0.04289 0.003656 0.001383 0.0007905 0.002372
Detection Prevalence  0.05217 0.013142   0.8588  0.06324 0.005336 0.002273 0.0013834 0.003656
Balanced Accuracy     0.71241 0.651166   0.7180  0.71176 0.678763 0.740933 0.7349972 0.717536
