Confusion Matrix and Statistics

          Reference
Prediction    0    1    2    3    4    5    6    7
         0  486   24  136   28    3    1    0    3
         1   14  123   61   10    1    0    0    4
         2  322  106 7416  393   41   11   10   18
         3   39   13  163  537    5    3    2    4
         4    3    1   17    1   53    0    0    0
         5    1    1    6    0    0   14    0    0
         6    0    1    2    2    0    0    5    0
         7    2    1    6    2    0    0    0   26

Overall Statistics
                                          
               Accuracy : 0.8556          
                 95% CI : (0.8486, 0.8624)
    No Information Rate : 0.7714          
    P-Value [Acc > NIR] : < 2.2e-16       
                                          
                  Kappa : 0.5904          
                                          
 Mcnemar's Test P-Value : NA              

Statistics by Class:

                     Class: 0 Class: 1 Class: 2 Class: 3 Class: 4 Class: 5 Class: 6 Class: 7
Sensitivity           0.56055  0.45556   0.9499  0.55190 0.514563 0.482759 0.294118 0.472727
Specificity           0.97893  0.99086   0.6106  0.97497 0.997804 0.999207 0.999505 0.998907
Pos Pred Value        0.71366  0.57746   0.8917  0.70104 0.706667 0.636364 0.500000 0.702703
Neg Pred Value        0.95964  0.98516   0.7833  0.95339 0.995023 0.998515 0.998813 0.997124
Precision             0.71366  0.57746   0.8917  0.70104 0.706667 0.636364 0.500000 0.702703
Recall                0.56055  0.45556   0.9499  0.55190 0.514563 0.482759 0.294118 0.472727
F1                    0.62791  0.50932   0.9199  0.61760 0.595506 0.549020 0.370370 0.565217
Prevalence            0.08566  0.02668   0.7714  0.09614 0.010177 0.002865 0.001680 0.005434
Detection Rate        0.04802  0.01215   0.7327  0.05306 0.005237 0.001383 0.000494 0.002569
Detection Prevalence  0.06729  0.02105   0.8218  0.07568 0.007410 0.002174 0.000988 0.003656
Balanced Accuracy     0.76974  0.72321   0.7803  0.76343 0.756184 0.740983 0.646811 0.735817
