Confusion Matrix and Statistics

          Reference
Prediction    0    1    2    3    4    5    6    7
         0  275    4   73   30    2    1    0    2
         1    1   65   20    2    0    0    0    0
         2  557  185 7597  647   68   15   10   25
         3   32   15   97  291    8    2    2    4
         4    1    0    5    1   25    0    0    0
         5    0    0    4    0    0   11    0    2
         6    0    0    3    0    0    0    5    0
         7    1    1    7    2    0    0    0   22

Overall Statistics
                                          
               Accuracy : 0.8193          
                 95% CI : (0.8116, 0.8267)
    No Information Rate : 0.7713          
    P-Value [Acc > NIR] : < 2.2e-16       
                                          
                  Kappa : 0.394           
                                          
 Mcnemar's Test P-Value : NA              

Statistics by Class:

                     Class: 0 Class: 1 Class: 2 Class: 3 Class: 4 Class: 5  Class: 6 Class: 7
Sensitivity           0.31719 0.240741   0.9732  0.29908 0.242718 0.379310 0.2941176 0.400000
Specificity           0.98790 0.997665   0.3487  0.98251 0.999301 0.999405 0.9997031 0.998907
Pos Pred Value        0.71059 0.738636   0.8345  0.64523 0.781250 0.647059 0.6250000 0.666667
Neg Pred Value        0.93918 0.979565   0.7943  0.92947 0.992268 0.998218 0.9988133 0.996728
Precision             0.71059 0.738636   0.8345  0.64523 0.781250 0.647059 0.6250000 0.666667
Recall                0.31719 0.240741   0.9732  0.29908 0.242718 0.379310 0.2941176 0.400000
F1                    0.43860 0.363128   0.8985  0.40871 0.370370 0.478261 0.4000000 0.500000
Prevalence            0.08567 0.026680   0.7713  0.09615 0.010178 0.002866 0.0016798 0.005435
Detection Rate        0.02717 0.006423   0.7507  0.02875 0.002470 0.001087 0.0004941 0.002174
Detection Prevalence  0.03824 0.008696   0.8996  0.04457 0.003162 0.001680 0.0007905 0.003261
Balanced Accuracy     0.65254 0.619203   0.6610  0.64079 0.621010 0.689358 0.6469104 0.699454
