Confusion Matrix and Statistics

          Reference
Prediction    0    1    2    3    4    5    6    7
         0  411   14  156   39    4    2    0    6
         1   10  108   50    9    1    0    0    0
         2  379  128 7319  397   52   14    5   18
         3   57   13  237  525    5    1    2    1
         4    6    2   21    1   40    1    0    0
         5    2    0    3    0    0   11    0    0
         6    0    1    7    0    0    0    9    1
         7    2    4   13    2    1    0    1   29

Overall Statistics
                                          
               Accuracy : 0.8352          
                 95% CI : (0.8278, 0.8424)
    No Information Rate : 0.7713          
    P-Value [Acc > NIR] : < 2.2e-16       
                                          
                  Kappa : 0.5325          
                                          
 Mcnemar's Test P-Value : NA              

Statistics by Class:

                     Class: 0 Class: 1 Class: 2 Class: 3 Class: 4 Class: 5  Class: 6 Class: 7
Sensitivity           0.47405  0.40000   0.9376  0.53957 0.388350 0.379310 0.5294118 0.527273
Specificity           0.97612  0.99289   0.5709  0.96545 0.996905 0.999505 0.9991092 0.997715
Pos Pred Value        0.65032  0.60674   0.8805  0.62426 0.563380 0.687500 0.5000000 0.557692
Neg Pred Value        0.95194  0.98371   0.7306  0.95172 0.993731 0.998219 0.9992081 0.997418
Precision             0.65032  0.60674   0.8805  0.62426 0.563380 0.687500 0.5000000 0.557692
Recall                0.47405  0.40000   0.9376  0.53957 0.388350 0.379310 0.5294118 0.527273
F1                    0.54837  0.48214   0.9082  0.57883 0.459770 0.488889 0.5142857 0.542056
Prevalence            0.08567  0.02668   0.7713  0.09615 0.010178 0.002866 0.0016798 0.005435
Detection Rate        0.04061  0.01067   0.7232  0.05188 0.003953 0.001087 0.0008893 0.002866
Detection Prevalence  0.06245  0.01759   0.8213  0.08310 0.007016 0.001581 0.0017787 0.005138
Balanced Accuracy     0.72508  0.69645   0.7542  0.75251 0.692627 0.689407 0.7642605 0.762494
