Confusion Matrix and Statistics

          Reference
Prediction    0    1    2    3    4    5    6
         0  144   68   19    6    1    0    0
         1  106 7389  363   34   10   11   29
         2   16  297  577   11    1    0    3
         3    3   29    5   53    1    0    1
         4    1    6    3    1   17    2    0
         5    0   10    1    0    0    4    1
         6    1   20    6    2    0    0   22

Overall Statistics
                                          
               Accuracy : 0.8848          
                 95% CI : (0.8782, 0.8913)
    No Information Rate : 0.8431          
    P-Value [Acc > NIR] : < 2.2e-16       
                                          
                  Kappa : 0.5684          
                                          
 Mcnemar's Test P-Value : NA              

Statistics by Class:

                     Class: 0 Class: 1 Class: 2 Class: 3 Class: 4  Class: 5 Class: 6
Sensitivity           0.53137   0.9450  0.59240 0.495327 0.566667 0.2352941 0.392857
Specificity           0.98956   0.6199  0.96048 0.995746 0.998594 0.9987037 0.996854
Pos Pred Value        0.60504   0.9304  0.63757 0.576087 0.566667 0.2500000 0.431373
Neg Pred Value        0.98595   0.6772  0.95256 0.994119 0.998594 0.9985958 0.996314
Precision             0.60504   0.9304  0.63757 0.576087 0.566667 0.2500000 0.431373
Recall                0.53137   0.9450  0.59240 0.495327 0.566667 0.2352941 0.392857
F1                    0.56582   0.9376  0.61416 0.532663 0.566667 0.2424242 0.411215
Prevalence            0.02922   0.8431  0.10502 0.011538 0.003235 0.0018331 0.006038
Detection Rate        0.01553   0.7967  0.06222 0.005715 0.001833 0.0004313 0.002372
Detection Prevalence  0.02566   0.8564  0.09758 0.009920 0.003235 0.0017253 0.005499
Balanced Accuracy     0.76046   0.7825  0.77644 0.745536 0.782630 0.6169989 0.694856
