Confusion Matrix and Statistics

          Reference
Prediction    0    1    2    3    4    5    6    7
         0  406   15  154   33    6    1    0    2
         1    6  102   40   13    0    0    0    2
         2  404  131 7399  437   46   15    9   25
         3   45   17  189  485    7    4    0    4
         4    5    1   16    4   44    0    0    0
         5    0    2    2    1    0    9    0    0
         6    0    0    2    0    0    0    8    0
         7    1    2    5    0    0    0    0   22

Overall Statistics
                                        
               Accuracy : 0.8374        
                 95% CI : (0.83, 0.8445)
    No Information Rate : 0.7714        
    P-Value [Acc > NIR] : < 2.2e-16     
                                        
                  Kappa : 0.5243        
                                        
 Mcnemar's Test P-Value : NA            

Statistics by Class:

                     Class: 0 Class: 1 Class: 2 Class: 3 Class: 4  Class: 5  Class: 6 Class: 7
Sensitivity           0.46828  0.37778   0.9477  0.49846 0.427184 0.3103448 0.4705882 0.400000
Specificity           0.97720  0.99381   0.5389  0.97092 0.997405 0.9995046 0.9998021 0.999205
Pos Pred Value        0.65802  0.62577   0.8740  0.64581 0.628571 0.6428571 0.8000000 0.733333
Neg Pred Value        0.95149  0.98313   0.7535  0.94792 0.994130 0.9980212 0.9991099 0.996730
Precision             0.65802  0.62577   0.8740  0.64581 0.628571 0.6428571 0.8000000 0.733333
Recall                0.46828  0.37778   0.9477  0.49846 0.427184 0.3103448 0.4705882 0.400000
F1                    0.54717  0.47113   0.9094  0.56265 0.508671 0.4186047 0.5925926 0.517647
Prevalence            0.08566  0.02668   0.7714  0.09614 0.010177 0.0028653 0.0016797 0.005434
Detection Rate        0.04011  0.01008   0.7311  0.04792 0.004347 0.0008892 0.0007904 0.002174
Detection Prevalence  0.06096  0.01611   0.8365  0.07420 0.006916 0.0013833 0.0009880 0.002964
Balanced Accuracy     0.72274  0.68579   0.7433  0.73469 0.712295 0.6549247 0.7351951 0.699603
