Confusion Matrix and Statistics

          Reference
Prediction    0    1    2    3    4    5    6
         0  132   79   17    1    0    0    1
         1  120 7366  400   44   11    9   24
         2   16  324  542    8    3    1    4
         3    2   26    7   51    1    0    1
         4    1    5    2    2   13    2    0
         5    0    6    0    0    0    4    0
         6    0   13    6    1    2    1   26

Overall Statistics
                                          
               Accuracy : 0.8771          
                 95% CI : (0.8702, 0.8837)
    No Information Rate : 0.8431          
    P-Value [Acc > NIR] : < 2.2e-16       
                                          
                  Kappa : 0.5344          
                                          
 Mcnemar's Test P-Value : NA              

Statistics by Class:

                     Class: 0 Class: 1 Class: 2 Class: 3 Class: 4  Class: 5 Class: 6
Sensitivity           0.48708   0.9421  0.55647 0.476636 0.433333 0.2352941 0.464286
Specificity           0.98911   0.5821  0.95711 0.995964 0.998702 0.9993518 0.997505
Pos Pred Value        0.57391   0.9238  0.60356 0.579545 0.520000 0.4000000 0.530612
Neg Pred Value        0.98463   0.6515  0.94842 0.993904 0.998162 0.9985967 0.996748
Precision             0.57391   0.9238  0.60356 0.579545 0.520000 0.4000000 0.530612
Recall                0.48708   0.9421  0.55647 0.476636 0.433333 0.2352941 0.464286
F1                    0.52695   0.9328  0.57906 0.523077 0.472727 0.2962963 0.495238
Prevalence            0.02922   0.8431  0.10502 0.011538 0.003235 0.0018331 0.006038
Detection Rate        0.01423   0.7943  0.05844 0.005499 0.001402 0.0004313 0.002804
Detection Prevalence  0.02480   0.8598  0.09683 0.009489 0.002696 0.0010783 0.005284
Balanced Accuracy     0.73810   0.7621  0.75679 0.736300 0.716018 0.6173230 0.730895
