Confusion Matrix and Statistics

          Reference
Prediction    0    1    2    3    4    5    6    7
         0  447   12  163   54    6    4    1    2
         1   17   99   49    8    2    0    0    0
         2  367  139 7361  416   56   11    5   25
         3   33   19  202  487    6    0    2    5
         4    2    1   17    5   33    0    1    0
         5    0    0    4    0    0   13    0    0
         6    0    0    2    0    0    0    7    0
         7    1    0    8    3    0    1    1   23

Overall Statistics
                                          
               Accuracy : 0.837           
                 95% CI : (0.8296, 0.8441)
    No Information Rate : 0.7713          
    P-Value [Acc > NIR] : < 2.2e-16       
                                          
                  Kappa : 0.5311          
                                          
 Mcnemar's Test P-Value : NA              

Statistics by Class:

                     Class: 0 Class: 1 Class: 2 Class: 3 Class: 4 Class: 5  Class: 6 Class: 7
Sensitivity           0.51557 0.366667   0.9430  0.50051 0.320388 0.448276 0.4117647 0.418182
Specificity           0.97385 0.992284   0.5596  0.97081 0.997404 0.999604 0.9998020 0.998609
Pos Pred Value        0.64877 0.565714   0.8784  0.64589 0.559322 0.764706 0.7777778 0.621622
Neg Pred Value        0.95547 0.982805   0.7443  0.94811 0.993042 0.998416 0.9990110 0.996826
Precision             0.64877 0.565714   0.8784  0.64589 0.559322 0.764706 0.7777778 0.621622
Recall                0.51557 0.366667   0.9430  0.50051 0.320388 0.448276 0.4117647 0.418182
F1                    0.57455 0.444944   0.9096  0.56398 0.407407 0.565217 0.5384615 0.500000
Prevalence            0.08567 0.026680   0.7713  0.09615 0.010178 0.002866 0.0016798 0.005435
Detection Rate        0.04417 0.009783   0.7274  0.04812 0.003261 0.001285 0.0006917 0.002273
Detection Prevalence  0.06808 0.017292   0.8281  0.07451 0.005830 0.001680 0.0008893 0.003656
Balanced Accuracy     0.74471 0.679475   0.7513  0.73566 0.658896 0.723940 0.7057834 0.708395
