Confusion Matrix and Statistics

          Reference
Prediction    0    1    2    3    4    5    6    7
         0  245    9   97   26    5    4    0    3
         1    5   63   27    1    0    0    0    1
         2  578  189 7526  632   63   13   11   29
         3   34    7  129  309    6    2    5    3
         4    3    1   12    3   29    0    0    1
         5    1    0    8    0    0   10    0    2
         6    0    0    0    0    0    0    1    0
         7    1    1    7    2    0    0    0   16

Overall Statistics
                                          
               Accuracy : 0.8102          
                 95% CI : (0.8024, 0.8178)
    No Information Rate : 0.7713          
    P-Value [Acc > NIR] : < 2.2e-16       
                                          
                  Kappa : 0.3726          
                                          
 Mcnemar's Test P-Value : NA              

Statistics by Class:

                     Class: 0 Class: 1 Class: 2 Class: 3 Class: 4  Class: 5  Class: 6 Class: 7
Sensitivity           0.28258 0.233333   0.9641  0.31757 0.281553 0.3448276 5.882e-02 0.290909
Specificity           0.98444 0.996548   0.3453  0.97967 0.998003 0.9989099 1.000e+00 0.998907
Pos Pred Value        0.62982 0.649485   0.8324  0.62424 0.591837 0.4761905 1.000e+00 0.592593
Neg Pred Value        0.93608 0.979348   0.7405  0.93101 0.992652 0.9981186 9.984e-01 0.996136
Precision             0.62982 0.649485   0.8324  0.62424 0.591837 0.4761905 1.000e+00 0.592593
Recall                0.28258 0.233333   0.9641  0.31757 0.281553 0.3448276 5.882e-02 0.290909
F1                    0.39013 0.343324   0.8935  0.42098 0.381579 0.4000000 1.111e-01 0.390244
Prevalence            0.08567 0.026680   0.7713  0.09615 0.010178 0.0028656 1.680e-03 0.005435
Detection Rate        0.02421 0.006225   0.7437  0.03053 0.002866 0.0009881 9.881e-05 0.001581
Detection Prevalence  0.03844 0.009585   0.8934  0.04891 0.004842 0.0020751 9.881e-05 0.002668
Balanced Accuracy     0.63351 0.614941   0.6547  0.64862 0.639778 0.6718688 5.294e-01 0.644908
