Confusion Matrix and Statistics

          Reference
Prediction    0    1    2    3    4    5    6    7
         0  153    5   45   11    3    0    0    0
         1    1   35    6    1    0    0    0    0
         2  703  224 7686  772   75   17   12   37
         3    9    6   55  188    4    1    0    1
         4    0    0    3    0   21    0    0    0
         5    0    0    6    0    0   11    0    0
         6    0    0    2    0    0    0    5    0
         7    1    0    3    1    0    0    0   17

Overall Statistics
                                          
               Accuracy : 0.802           
                 95% CI : (0.7941, 0.8097)
    No Information Rate : 0.7713          
    P-Value [Acc > NIR] : 4.782e-14       
                                          
                  Kappa : 0.265           
                                          
 Mcnemar's Test P-Value : NA              

Statistics by Class:

                     Class: 0 Class: 1 Class: 2 Class: 3 Class: 4 Class: 5  Class: 6 Class: 7
Sensitivity           0.17647 0.129630   0.9846  0.19322 0.203883 0.379310 0.2941176 0.309091
Specificity           0.99308 0.999188   0.2048  0.99169 0.999701 0.999405 0.9998020 0.999503
Pos Pred Value        0.70507 0.813953   0.8068  0.71212 0.875000 0.647059 0.7142857 0.772727
Neg Pred Value        0.92790 0.976680   0.7980  0.92035 0.991878 0.998218 0.9988134 0.996237
Precision             0.70507 0.813953   0.8068  0.71212 0.875000 0.647059 0.7142857 0.772727
Recall                0.17647 0.129630   0.9846  0.19322 0.203883 0.379310 0.2941176 0.309091
F1                    0.28229 0.223642   0.8869  0.30396 0.330709 0.478261 0.4166667 0.441558
Prevalence            0.08567 0.026680   0.7713  0.09615 0.010178 0.002866 0.0016798 0.005435
Detection Rate        0.01512 0.003458   0.7595  0.01858 0.002075 0.001087 0.0004941 0.001680
Detection Prevalence  0.02144 0.004249   0.9413  0.02609 0.002372 0.001680 0.0006917 0.002174
Balanced Accuracy     0.58478 0.564409   0.5947  0.59245 0.601792 0.689358 0.6469598 0.654297
