Confusion Matrix and Statistics

          Reference
Prediction    0    1    2    3    4    5    6    7
         0  224    6   95   31    2    2    0    1
         1    4   69   28    8    0    1    0    0
         2  615  182 7511  625   67   17   11   29
         3   20   11  145  304    5    2    3    4
         4    2    1   11    2   29    0    0    0
         5    1    0    7    0    0    7    0    0
         6    0    0    4    1    0    0    3    0
         7    1    1    5    2    0    0    0   21

Overall Statistics
                                          
               Accuracy : 0.8071          
                 95% CI : (0.7993, 0.8148)
    No Information Rate : 0.7713          
    P-Value [Acc > NIR] : < 2.2e-16       
                                          
                  Kappa : 0.3604          
                                          
 Mcnemar's Test P-Value : NA              

Statistics by Class:

                     Class: 0 Class: 1 Class: 2 Class: 3 Class: 4  Class: 5  Class: 6 Class: 7
Sensitivity           0.25836 0.255556   0.9622  0.31244 0.281553 0.2413793 0.1764706 0.381818
Specificity           0.98519 0.995838   0.3319  0.97923 0.998403 0.9992072 0.9995051 0.999106
Pos Pred Value        0.62050 0.627273   0.8293  0.61538 0.644444 0.4666667 0.3750000 0.700000
Neg Pred Value        0.93411 0.979920   0.7225  0.93050 0.992655 0.9978229 0.9986155 0.996630
Precision             0.62050 0.627273   0.8293  0.61538 0.644444 0.4666667 0.3750000 0.700000
Recall                0.25836 0.255556   0.9622  0.31244 0.281553 0.2413793 0.1764706 0.381818
F1                    0.36482 0.363158   0.8908  0.41445 0.391892 0.3181818 0.2400000 0.494118
Prevalence            0.08567 0.026680   0.7713  0.09615 0.010178 0.0028656 0.0016798 0.005435
Detection Rate        0.02213 0.006818   0.7422  0.03004 0.002866 0.0006917 0.0002964 0.002075
Detection Prevalence  0.03567 0.010870   0.8950  0.04881 0.004447 0.0014822 0.0007905 0.002964
Balanced Accuracy     0.62178 0.625697   0.6471  0.64583 0.639978 0.6202933 0.5879878 0.690462
