Confusion Matrix and Statistics

          Reference
Prediction    0    1    2    3    4    5    6    7
         0  234    7   68   22    3    0    0    2
         1    2   53   15    2    0    0    0    0
         2  614  204 7632  693   72   20   10   35
         3   16    5   78  253    4    1    2    2
         4    0    1    3    0   24    0    0    0
         5    0    0    3    0    0    8    0    0
         6    0    0    3    1    0    0    5    0
         7    1    0    4    2    0    0    0   16

Overall Statistics
                                         
               Accuracy : 0.8127         
                 95% CI : (0.805, 0.8203)
    No Information Rate : 0.7713         
    P-Value [Acc > NIR] : < 2.2e-16      
                                         
                  Kappa : 0.3457         
                                         
 Mcnemar's Test P-Value : NA             

Statistics by Class:

                     Class: 0 Class: 1 Class: 2 Class: 3 Class: 4  Class: 5  Class: 6 Class: 7
Sensitivity           0.26990 0.196296   0.9777  0.26002 0.233010 0.2758621 0.2941176 0.290909
Specificity           0.98898 0.998071   0.2878  0.98819 0.999601 0.9997027 0.9996041 0.999305
Pos Pred Value        0.69643 0.736111   0.8224  0.70083 0.857143 0.7272727 0.5555556 0.695652
Neg Pred Value        0.93530 0.978404   0.7929  0.92622 0.992172 0.9979226 0.9988132 0.996137
Precision             0.69643 0.736111   0.8224  0.70083 0.857143 0.7272727 0.5555556 0.695652
Recall                0.26990 0.196296   0.9777  0.26002 0.233010 0.2758621 0.2941176 0.290909
F1                    0.38903 0.309942   0.8934  0.37931 0.366412 0.4000000 0.3846154 0.410256
Prevalence            0.08567 0.026680   0.7713  0.09615 0.010178 0.0028656 0.0016798 0.005435
Detection Rate        0.02312 0.005237   0.7542  0.02500 0.002372 0.0007905 0.0004941 0.001581
Detection Prevalence  0.03320 0.007115   0.9170  0.03567 0.002767 0.0010870 0.0008893 0.002273
Balanced Accuracy     0.62944 0.597184   0.6328  0.62411 0.616305 0.6377824 0.6468609 0.645107
