Confusion Matrix and Statistics

          Reference
Prediction    0    1    2    3    4    5    6
         0  131   67   15    3    2    0    0
         1  121 7368  407   43   12    8   29
         2   14  335  543    9    2    3    5
         3    1   23    4   49    0    0    1
         4    1    6    2    2   14    2    0
         5    0    9    1    0    0    4    0
         6    3   11    2    1    0    0   21

Overall Statistics
                                          
               Accuracy : 0.8766          
                 95% CI : (0.8698, 0.8833)
    No Information Rate : 0.8431          
    P-Value [Acc > NIR] : < 2.2e-16       
                                          
                  Kappa : 0.5304          
                                          
 Mcnemar's Test P-Value : NA              

Statistics by Class:

                     Class: 0 Class: 1 Class: 2 Class: 3 Class: 4  Class: 5 Class: 6
Sensitivity           0.48339   0.9423  0.55749 0.457944 0.466667 0.2352941 0.375000
Specificity           0.99034   0.5739  0.95566 0.996836 0.998594 0.9989197 0.998156
Pos Pred Value        0.60092   0.9224  0.59605 0.628205 0.518519 0.2857143 0.552632
Neg Pred Value        0.98454   0.6493  0.94846 0.993693 0.998270 0.9985961 0.996210
Precision             0.60092   0.9224  0.59605 0.628205 0.518519 0.2857143 0.552632
Recall                0.48339   0.9423  0.55749 0.457944 0.466667 0.2352941 0.375000
F1                    0.53579   0.9322  0.57613 0.529730 0.491228 0.2580645 0.446809
Prevalence            0.02922   0.8431  0.10502 0.011538 0.003235 0.0018331 0.006038
Detection Rate        0.01413   0.7945  0.05855 0.005284 0.001510 0.0004313 0.002264
Detection Prevalence  0.02351   0.8613  0.09823 0.008411 0.002911 0.0015096 0.004097
Balanced Accuracy     0.73687   0.7581  0.75658 0.727390 0.732630 0.6171069 0.686578
