Confusion Matrix and Statistics

          Reference
Prediction    0    1    2    3    4    5    6    7
         0  316   10   87   24    2    0    0    1
         1    6   99   52    8    2    0    0    1
         2  496  141 7452  501   51   17    7   32
         3   47   17  180  434    3    1    2    4
         4    0    2   19    3   45    0    0    0
         5    2    0    4    0    0   11    0    2
         6    0    1    6    0    0    0    8    0
         7    0    0    6    3    0    0    0   15

Overall Statistics
                                          
               Accuracy : 0.8281          
                 95% CI : (0.8206, 0.8354)
    No Information Rate : 0.7713          
    P-Value [Acc > NIR] : < 2.2e-16       
                                          
                  Kappa : 0.4731          
                                          
 Mcnemar's Test P-Value : NA              

Statistics by Class:

                     Class: 0 Class: 1 Class: 2 Class: 3 Class: 4 Class: 5  Class: 6 Class: 7
Sensitivity           0.36448 0.366667   0.9547  0.44604 0.436893 0.379310 0.4705882 0.272727
Specificity           0.98660 0.992995   0.4620  0.97223 0.997604 0.999207 0.9993071 0.999106
Pos Pred Value        0.71818 0.589286   0.8568  0.63081 0.652174 0.578947 0.5333333 0.625000
Neg Pred Value        0.94308 0.982818   0.7512  0.94285 0.994229 0.998218 0.9991094 0.996038
Precision             0.71818 0.589286   0.8568  0.63081 0.652174 0.578947 0.5333333 0.625000
Recall                0.36448 0.366667   0.9547  0.44604 0.436893 0.379310 0.4705882 0.272727
F1                    0.48355 0.452055   0.9031  0.52258 0.523256 0.458333 0.5000000 0.379747
Prevalence            0.08567 0.026680   0.7713  0.09615 0.010178 0.002866 0.0016798 0.005435
Detection Rate        0.03123 0.009783   0.7364  0.04289 0.004447 0.001087 0.0007905 0.001482
Detection Prevalence  0.04348 0.016601   0.8594  0.06798 0.006818 0.001877 0.0014822 0.002372
Balanced Accuracy     0.67554 0.679831   0.7083  0.70914 0.717249 0.689259 0.7349477 0.635917
