Confusion Matrix and Statistics

          Reference
Prediction    0    1    2    3    4    5    6    7
         0   50    0   10    5    1    0    0    0
         1    0    7    2    0    0    0    0    0
         2  813  261 7762  881   96   27   17   41
         3    3    2   27   86    3    0    0    1
         4    0    0    0    0    3    0    0    0
         5    0    0    3    0    0    2    0    0
         6    0    0    0    0    0    0    0    0
         7    1    0    2    1    0    0    0   13

Overall Statistics
                                          
               Accuracy : 0.7829          
                 95% CI : (0.7747, 0.7909)
    No Information Rate : 0.7713          
    P-Value [Acc > NIR] : 0.002785        
                                          
                  Kappa : 0.1096          
                                          
 Mcnemar's Test P-Value : NA              

Statistics by Class:

                     Class: 0  Class: 1 Class: 2 Class: 3  Class: 4  Class: 5 Class: 6 Class: 7
Sensitivity          0.057670 0.0259259  0.99436 0.088386 0.0291262 0.0689655  0.00000 0.236364
Specificity          0.998271 0.9997970  0.07692 0.996064 1.0000000 0.9997027  1.00000 0.999603
Pos Pred Value       0.757576 0.7777778  0.78420 0.704918 1.0000000 0.4000000      NaN 0.764706
Neg Pred Value       0.918739 0.9739887  0.80180 0.911282 0.9901156 0.9973307  0.99832 0.995843
Precision            0.757576 0.7777778  0.78420 0.704918 1.0000000 0.4000000       NA 0.764706
Recall               0.057670 0.0259259  0.99436 0.088386 0.0291262 0.0689655  0.00000 0.236364
F1                   0.107181 0.0501792  0.87686 0.157078 0.0566038 0.1176471       NA 0.361111
Prevalence           0.085672 0.0266798  0.77134 0.096146 0.0101779 0.0028656  0.00168 0.005435
Detection Rate       0.004941 0.0006917  0.76700 0.008498 0.0002964 0.0001976  0.00000 0.001285
Detection Prevalence 0.006522 0.0008893  0.97806 0.012055 0.0002964 0.0004941  0.00000 0.001680
Balanced Accuracy    0.527970 0.5128614  0.53564 0.542225 0.5145631 0.5343341  0.50000 0.617983
