Confusion Matrix and Statistics

          Reference
Prediction    0    1    2    3    4    5    6
         0  140   90   15    1    2    0    0
         1  112 7308  367   32    9    8   25
         2   12  335  582    9    2    1    6
         3    2   44    3   63    0    0    1
         4    1    8    2    1   17    2    0
         5    1    6    0    0    0    5    0
         6    3   28    5    1    0    1   24

Overall Statistics
                                          
               Accuracy : 0.8776          
                 95% CI : (0.8708, 0.8842)
    No Information Rate : 0.8431          
    P-Value [Acc > NIR] : < 2.2e-16       
                                          
                  Kappa : 0.5528          
                                          
 Mcnemar's Test P-Value : NA              

Statistics by Class:

                     Class: 0 Class: 1 Class: 2 Class: 3 Class: 4  Class: 5 Class: 6
Sensitivity           0.51661   0.9346  0.59754 0.588785 0.566667 0.2941176 0.428571
Specificity           0.98800   0.6199  0.95602 0.994546 0.998486 0.9992438 0.995878
Pos Pred Value        0.56452   0.9297  0.61457 0.557522 0.548387 0.4166667 0.387097
Neg Pred Value        0.98549   0.6384  0.95292 0.995197 0.998594 0.9987044 0.996526
Precision             0.56452   0.9297  0.61457 0.557522 0.548387 0.4166667 0.387097
Recall                0.51661   0.9346  0.59754 0.588785 0.566667 0.2941176 0.428571
F1                    0.53950   0.9321  0.60593 0.572727 0.557377 0.3448276 0.406780
Prevalence            0.02922   0.8431  0.10502 0.011538 0.003235 0.0018331 0.006038
Detection Rate        0.01510   0.7880  0.06276 0.006793 0.001833 0.0005391 0.002588
Detection Prevalence  0.02674   0.8476  0.10211 0.012185 0.003343 0.0012939 0.006685
Balanced Accuracy     0.75230   0.7773  0.77678 0.791665 0.782576 0.6466807 0.712225
