Confusion Matrix and Statistics

          Reference
Prediction    0    1    2    3    4    5    6    7
         0  479   15  154   39    2    0    0    7
         1   12  125   58    5    1    0    0    1
         2  338  115 7310  379   40   12    8   21
         3   30   12  246  546    7    3    1    1
         4    4    2   22    2   53    0    0    0
         5    3    0    6    1    0   12    0    0
         6    0    1    4    0    0    0    7    0
         7    1    0    7    1    0    2    1   25

Overall Statistics
                                          
               Accuracy : 0.8455          
                 95% CI : (0.8383, 0.8525)
    No Information Rate : 0.7714          
    P-Value [Acc > NIR] : < 2.2e-16       
                                          
                  Kappa : 0.5692          
                                          
 Mcnemar's Test P-Value : NA              

Statistics by Class:

                     Class: 0 Class: 1 Class: 2 Class: 3 Class: 4 Class: 5  Class: 6 Class: 7
Sensitivity           0.55248  0.46296   0.9363  0.56115 0.514563 0.413793 0.4117647 0.454545
Specificity           0.97655  0.99218   0.6054  0.96721 0.997005 0.999009 0.9995051 0.998808
Pos Pred Value        0.68822  0.61881   0.8890  0.64539 0.638554 0.545455 0.5833333 0.675676
Neg Pred Value        0.95883  0.98538   0.7381  0.95396 0.995019 0.998317 0.9990108 0.997025
Precision             0.68822  0.61881   0.8890  0.64539 0.638554 0.545455 0.5833333 0.675676
Recall                0.55248  0.46296   0.9363  0.56115 0.514563 0.413793 0.4117647 0.454545
F1                    0.61292  0.52966   0.9120  0.60033 0.569892 0.470588 0.4827586 0.543478
Prevalence            0.08566  0.02668   0.7714  0.09614 0.010177 0.002865 0.0016797 0.005434
Detection Rate        0.04733  0.01235   0.7223  0.05395 0.005237 0.001186 0.0006916 0.002470
Detection Prevalence  0.06877  0.01996   0.8125  0.08359 0.008201 0.002174 0.0011857 0.003656
Balanced Accuracy     0.76452  0.72757   0.7709  0.76418 0.755784 0.706401 0.7056349 0.726677
