Confusion Matrix and Statistics

          Reference
Prediction    0    1    2    3    4    5    6
         0  120   61    8    0    0    0    0
         1  121 7336  358   41   10   10   24
         2   23  367  595    6    3    0    4
         3    2   31    5   57    0    0    0
         4    2    1    2    2   17    2    0
         5    0    6    2    0    0    5    0
         6    3   17    4    1    0    0   28

Overall Statistics
                                          
               Accuracy : 0.8797          
                 95% CI : (0.8729, 0.8862)
    No Information Rate : 0.8431          
    P-Value [Acc > NIR] : < 2.2e-16       
                                          
                  Kappa : 0.5539          
                                          
 Mcnemar's Test P-Value : NA              

Statistics by Class:

                     Class: 0 Class: 1 Class: 2 Class: 3 Class: 4  Class: 5 Class: 6
Sensitivity           0.44280   0.9382  0.61088 0.532710 0.566667 0.2941176 0.500000
Specificity           0.99234   0.6124  0.95145 0.995855 0.999026 0.9991358 0.997288
Pos Pred Value        0.63492   0.9286  0.59619 0.600000 0.653846 0.3846154 0.528302
Neg Pred Value        0.98338   0.6485  0.95420 0.994553 0.998594 0.9987042 0.996963
Precision             0.63492   0.9286  0.59619 0.600000 0.653846 0.3846154 0.528302
Recall                0.44280   0.9382  0.61088 0.532710 0.566667 0.2941176 0.500000
F1                    0.52174   0.9334  0.60345 0.564356 0.607143 0.3333333 0.513761
Prevalence            0.02922   0.8431  0.10502 0.011538 0.003235 0.0018331 0.006038
Detection Rate        0.01294   0.7910  0.06416 0.006146 0.001833 0.0005391 0.003019
Detection Prevalence  0.02038   0.8518  0.10761 0.010244 0.002804 0.0014018 0.005715
Balanced Accuracy     0.71757   0.7753  0.78116 0.764282 0.782847 0.6466267 0.748644
