Confusion Matrix and Statistics

          Reference
Prediction    0    1    2    3    4    5    6    7
         0  454   13  167   48    7    2    0    4
         1   12   99   48   10    1    0    0    2
         2  365  141 7365  431   51   13   10   20
         3   33   15  198  478    9    2    5    5
         4    1    2   15    2   34    0    0    0
         5    1    0    4    0    0   11    0    0
         6    0    0    3    0    0    0    2    0
         7    1    0    6    4    1    1    0   24

Overall Statistics
                                          
               Accuracy : 0.8367          
                 95% CI : (0.8293, 0.8438)
    No Information Rate : 0.7713          
    P-Value [Acc > NIR] : < 2.2e-16       
                                          
                  Kappa : 0.5287          
                                          
 Mcnemar's Test P-Value : NA              

Statistics by Class:

                     Class: 0 Class: 1 Class: 2 Class: 3 Class: 4 Class: 5  Class: 6 Class: 7
Sensitivity           0.52364 0.366667   0.9435  0.49126 0.330097 0.379310 0.1176471 0.436364
Specificity           0.97395 0.992589   0.5545  0.97081 0.998003 0.999505 0.9997031 0.998708
Pos Pred Value        0.65324 0.575581   0.8772  0.64161 0.629630 0.687500 0.4000000 0.648649
Neg Pred Value        0.95618 0.982811   0.7442  0.94720 0.993145 0.998219 0.9985171 0.996926
Precision             0.65324 0.575581   0.8772  0.64161 0.629630 0.687500 0.4000000 0.648649
Recall                0.52364 0.366667   0.9435  0.49126 0.330097 0.379310 0.1176471 0.436364
F1                    0.58131 0.447964   0.9091  0.55646 0.433121 0.488889 0.1818182 0.521739
Prevalence            0.08567 0.026680   0.7713  0.09615 0.010178 0.002866 0.0016798 0.005435
Detection Rate        0.04486 0.009783   0.7278  0.04723 0.003360 0.001087 0.0001976 0.002372
Detection Prevalence  0.06868 0.016996   0.8296  0.07362 0.005336 0.001581 0.0004941 0.003656
Balanced Accuracy     0.74880 0.679628   0.7490  0.73104 0.664050 0.689407 0.5586751 0.717536
