Confusion Matrix and Statistics

          Reference
Prediction    0    1    2    3    4    5    6
         0  145   97   14    1    0    0    0
         1   97 7321  342   49    5    9   22
         2   24  337  607    8    3    0    5
         3    0   28    4   46    0    0    1
         4    1    5    5    1   21    2    1
         5    0   10    0    0    0    5    0
         6    4   21    2    2    1    1   27

Overall Statistics
                                          
               Accuracy : 0.8812          
                 95% CI : (0.8744, 0.8877)
    No Information Rate : 0.8431          
    P-Value [Acc > NIR] : < 2.2e-16       
                                          
                  Kappa : 0.5674          
                                          
 Mcnemar's Test P-Value : NA              

Statistics by Class:

                     Class: 0 Class: 1 Class: 2 Class: 3 Class: 4  Class: 5 Class: 6
Sensitivity           0.53506   0.9363  0.62320 0.429907 0.700000 0.2941176 0.482143
Specificity           0.98756   0.6399  0.95458 0.996400 0.998377 0.9989197 0.996637
Pos Pred Value        0.56420   0.9332  0.61687 0.582278 0.583333 0.3333333 0.465517
Neg Pred Value        0.98603   0.6515  0.95573 0.993366 0.999026 0.9987040 0.996853
Precision             0.56420   0.9332  0.61687 0.582278 0.583333 0.3333333 0.465517
Recall                0.53506   0.9363  0.62320 0.429907 0.700000 0.2941176 0.482143
F1                    0.54924   0.9348  0.62002 0.494624 0.636364 0.3125000 0.473684
Prevalence            0.02922   0.8431  0.10502 0.011538 0.003235 0.0018331 0.006038
Detection Rate        0.01564   0.7894  0.06545 0.004960 0.002264 0.0005391 0.002911
Detection Prevalence  0.02771   0.8459  0.10610 0.008518 0.003882 0.0016174 0.006254
Balanced Accuracy     0.76131   0.7881  0.78889 0.713153 0.849189 0.6465187 0.739390
