Confusion Matrix and Statistics

          Reference
Prediction    0    1    2    3    4    5    6    7
         0  141    2   35   13    2    0    0    0
         1    1   29   10    0    0    0    0    0
         2  711  231 7712  788   88   23   14   38
         3   12    8   40  171    2    0    1    2
         4    1    0    2    0   11    0    0    0
         5    0    0    3    0    0    6    0    0
         6    0    0    1    0    0    0    2    0
         7    1    0    3    1    0    0    0   15

Overall Statistics
                                          
               Accuracy : 0.7991          
                 95% CI : (0.7912, 0.8069)
    No Information Rate : 0.7713          
    P-Value [Acc > NIR] : 8.047e-12       
                                          
                  Kappa : 0.2388          
                                          
 Mcnemar's Test P-Value : NA              

Statistics by Class:

                     Class: 0 Class: 1 Class: 2 Class: 3 Class: 4  Class: 5  Class: 6 Class: 7
Sensitivity           0.16263 0.107407   0.9880  0.17575 0.106796 0.2068966 0.1176471 0.272727
Specificity           0.99438 0.998883   0.1819  0.99289 0.999701 0.9997027 0.9999010 0.999503
Pos Pred Value        0.73057 0.725000   0.8029  0.72458 0.785714 0.6666667 0.6666667 0.750000
Neg Pred Value        0.92687 0.976091   0.8175  0.91886 0.990896 0.9977252 0.9985173 0.996040
Precision             0.73057 0.725000   0.8029  0.72458 0.785714 0.6666667 0.6666667 0.750000
Recall                0.16263 0.107407   0.9880  0.17575 0.106796 0.2068966 0.1176471 0.272727
F1                    0.26604 0.187097   0.8859  0.28288 0.188034 0.3157895 0.2000000 0.400000
Prevalence            0.08567 0.026680   0.7713  0.09615 0.010178 0.0028656 0.0016798 0.005435
Detection Rate        0.01393 0.002866   0.7621  0.01690 0.001087 0.0005929 0.0001976 0.001482
Detection Prevalence  0.01907 0.003953   0.9491  0.02332 0.001383 0.0008893 0.0002964 0.001976
Balanced Accuracy     0.57850 0.553145   0.5849  0.58432 0.553248 0.6032996 0.5587740 0.636115
