Confusion Matrix and Statistics

          Reference
Prediction    0    1    2    3    4    5    6
         0  129   63   22    3    1    0    1
         1  121 7384  365   37   10   10   23
         2   16  311  578    8    2    0    8
         3    2   30    3   55    0    0    0
         4    0    7    2    2   16    2    2
         5    0    5    0    0    0    4    0
         6    3   19    4    2    1    1   22

Overall Statistics
                                          
               Accuracy : 0.8829          
                 95% CI : (0.8762, 0.8894)
    No Information Rate : 0.8431          
    P-Value [Acc > NIR] : < 2.2e-16       
                                          
                  Kappa : 0.5597          
                                          
 Mcnemar's Test P-Value : NA              

Statistics by Class:

                     Class: 0 Class: 1 Class: 2 Class: 3 Class: 4  Class: 5 Class: 6
Sensitivity           0.47601   0.9444  0.59343 0.514019 0.533333 0.2352941 0.392857
Specificity           0.99000   0.6110  0.95843 0.996182 0.998377 0.9994599 0.996745
Pos Pred Value        0.58904   0.9288  0.62622 0.611111 0.516129 0.4444444 0.423077
Neg Pred Value        0.98432   0.6715  0.95258 0.994338 0.998485 0.9985969 0.996313
Precision             0.58904   0.9288  0.62622 0.611111 0.516129 0.4444444 0.423077
Recall                0.47601   0.9444  0.59343 0.514019 0.533333 0.2352941 0.392857
F1                    0.52653   0.9365  0.60938 0.558376 0.524590 0.3076923 0.407407
Prevalence            0.02922   0.8431  0.10502 0.011538 0.003235 0.0018331 0.006038
Detection Rate        0.01391   0.7962  0.06232 0.005931 0.001725 0.0004313 0.002372
Detection Prevalence  0.02361   0.8572  0.09953 0.009705 0.003343 0.0009705 0.005607
Balanced Accuracy     0.73301   0.7777  0.77593 0.755100 0.765855 0.6173770 0.694801
