Confusion Matrix and Statistics

          Reference
Prediction    0    1    2    3    4    5    6
         0   84   26    8    0    0    0    1
         1  182 7651  688   65   20   13   41
         2    5  114  271    4    0    0    2
         3    0   17    5   38    0    0    0
         4    0    1    1    0   10    2    0
         5    0    7    0    0    0    1    0
         6    0    3    1    0    0    1   12

Overall Statistics
                                          
               Accuracy : 0.8699          
                 95% CI : (0.8628, 0.8766)
    No Information Rate : 0.8431          
    P-Value [Acc > NIR] : 2.244e-13       
                                          
                  Kappa : 0.3736          
                                          
 Mcnemar's Test P-Value : NA              

Statistics by Class:

                     Class: 0 Class: 1 Class: 2 Class: 3 Class: 4  Class: 5 Class: 6
Sensitivity          0.309963   0.9785  0.27823 0.355140 0.333333 0.0588235 0.214286
Specificity          0.996112   0.3065  0.98494 0.997600 0.999567 0.9992438 0.999458
Pos Pred Value       0.705882   0.8835  0.68434 0.633333 0.714286 0.1250000 0.705882
Neg Pred Value       0.979574   0.7264  0.92082 0.992511 0.997840 0.9982733 0.995247
Precision            0.705882   0.8835  0.68434 0.633333 0.714286 0.1250000 0.705882
Recall               0.309963   0.9785  0.27823 0.355140 0.333333 0.0588235 0.214286
F1                   0.430769   0.9286  0.39562 0.455090 0.454545 0.0800000 0.328767
Prevalence           0.029221   0.8431  0.10502 0.011538 0.003235 0.0018331 0.006038
Detection Rate       0.009058   0.8250  0.02922 0.004097 0.001078 0.0001078 0.001294
Detection Prevalence 0.012832   0.9338  0.04270 0.006470 0.001510 0.0008626 0.001833
Balanced Accuracy    0.653038   0.6425  0.63159 0.676370 0.666450 0.5290337 0.606872
