Confusion Matrix and Statistics

          Reference
Prediction    0    1    2    3    4    5    6
         0  150  111   18    1    1    0    3
         1   95 7274  361   32    7    8   21
         2   22  348  584    7    2    0    6
         3    1   49    5   67    0    0    0
         4    1   12    2    0   18    2    2
         5    0    7    0    0    0    6    0
         6    2   18    4    0    2    1   24

Overall Statistics
                                         
               Accuracy : 0.8759         
                 95% CI : (0.869, 0.8825)
    No Information Rate : 0.8431         
    P-Value [Acc > NIR] : < 2.2e-16      
                                         
                  Kappa : 0.5552         
                                         
 Mcnemar's Test P-Value : NA             

Statistics by Class:

                     Class: 0 Class: 1 Class: 2 Class: 3 Class: 4 Class: 5 Class: 6
Sensitivity           0.55351   0.9303  0.59959 0.626168 0.600000 0.352941 0.428571
Specificity           0.98512   0.6399  0.95361 0.994000 0.997945 0.999244 0.997071
Pos Pred Value        0.52817   0.9328  0.60268 0.549180 0.486486 0.461538 0.470588
Neg Pred Value        0.98654   0.6308  0.95304 0.995629 0.998701 0.998812 0.996530
Precision             0.52817   0.9328  0.60268 0.549180 0.486486 0.461538 0.470588
Recall                0.55351   0.9303  0.59959 0.626168 0.600000 0.352941 0.428571
F1                    0.54054   0.9315  0.60113 0.585153 0.537313 0.400000 0.448598
Prevalence            0.02922   0.8431  0.10502 0.011538 0.003235 0.001833 0.006038
Detection Rate        0.01617   0.7843  0.06297 0.007224 0.001941 0.000647 0.002588
Detection Prevalence  0.03062   0.8408  0.10449 0.013155 0.003990 0.001402 0.005499
Balanced Accuracy     0.76931   0.7851  0.77660 0.810084 0.798972 0.676092 0.712821
