Confusion Matrix and Statistics

          Reference
Prediction    0    1    2    3    4    5    6
         0  140   68   14    2    1    0    0
         1  115 7451  383   41   13    9   27
         2   12  253  567    6    1    0    4
         3    1   18    3   54    1    0    0
         4    0    5    2    1   14    2    1
         5    0    8    1    0    0    5    0
         6    3   16    4    3    0    1   24

Overall Statistics
                                          
               Accuracy : 0.8901          
                 95% CI : (0.8836, 0.8964)
    No Information Rate : 0.8431          
    P-Value [Acc > NIR] : < 2.2e-16       
                                          
                  Kappa : 0.5754          
                                          
 Mcnemar's Test P-Value : NA              

Statistics by Class:

                     Class: 0 Class: 1 Class: 2 Class: 3 Class: 4  Class: 5 Class: 6
Sensitivity           0.51661   0.9529  0.58214 0.504673 0.466667 0.2941176 0.428571
Specificity           0.99056   0.5959  0.96675 0.997491 0.998810 0.9990278 0.997071
Pos Pred Value        0.62222   0.9269  0.67260 0.701299 0.560000 0.3571429 0.470588
Neg Pred Value        0.98552   0.7020  0.95173 0.994237 0.998270 0.9987041 0.996530
Precision             0.62222   0.9269  0.67260 0.701299 0.560000 0.3571429 0.470588
Recall                0.51661   0.9529  0.58214 0.504673 0.466667 0.2941176 0.428571
F1                    0.56452   0.9397  0.62411 0.586957 0.509091 0.3225806 0.448598
Prevalence            0.02922   0.8431  0.10502 0.011538 0.003235 0.0018331 0.006038
Detection Rate        0.01510   0.8034  0.06114 0.005823 0.001510 0.0005391 0.002588
Detection Prevalence  0.02426   0.8668  0.09090 0.008303 0.002696 0.0015096 0.005499
Balanced Accuracy     0.75358   0.7744  0.77444 0.751082 0.732738 0.6465727 0.712821
