Confusion Matrix and Statistics

          Reference
Prediction    0    1    2    3    4    5    6    7
         0  488   21  185   42    3    1    0    6
         1   15  105   43    8    2    0    0    0
         2  324  120 7326  355   42   11   11   18
         3   36   21  216  566    6    2    1    2
         4    2    1   26    2   50    0    0    0
         5    1    1    4    0    0   15    0    0
         6    0    0    3    0    0    0    5    0
         7    1    1    4    0    0    0    0   29

Overall Statistics
                                         
               Accuracy : 0.8481         
                 95% CI : (0.841, 0.8551)
    No Information Rate : 0.7714         
    P-Value [Acc > NIR] : < 2.2e-16      
                                         
                  Kappa : 0.5776         
                                         
 Mcnemar's Test P-Value : NA             

Statistics by Class:

                     Class: 0 Class: 1 Class: 2 Class: 3 Class: 4 Class: 5  Class: 6 Class: 7
Sensitivity           0.56286  0.38889   0.9384  0.58171 0.485437 0.517241 0.2941176 0.527273
Specificity           0.97212  0.99310   0.6193  0.96895 0.996906 0.999405 0.9997031 0.999404
Pos Pred Value        0.65416  0.60694   0.8927  0.66588 0.617284 0.714286 0.6250000 0.828571
Neg Pred Value        0.95957  0.98341   0.7487  0.95610 0.994721 0.998614 0.9988134 0.997422
Precision             0.65416  0.60694   0.8927  0.66588 0.617284 0.714286 0.6250000 0.828571
Recall                0.56286  0.38889   0.9384  0.58171 0.485437 0.517241 0.2941176 0.527273
F1                    0.60508  0.47404   0.9149  0.62095 0.543478 0.600000 0.4000000 0.644444
Prevalence            0.08566  0.02668   0.7714  0.09614 0.010177 0.002865 0.0016797 0.005434
Detection Rate        0.04822  0.01037   0.7238  0.05592 0.004940 0.001482 0.0004940 0.002865
Detection Prevalence  0.07371  0.01709   0.8109  0.08398 0.008003 0.002075 0.0007904 0.003458
Balanced Accuracy     0.76749  0.69099   0.7788  0.77533 0.741171 0.758323 0.6469104 0.763338
