Confusion Matrix and Statistics

          Reference
Prediction    0    1    2    3    4    5    6    7
         0  357   16  102   30    3    1    0    2
         1   12   77   32    9    1    1    0    0
         2  444  159 7472  468   52   15    9   27
         3   51   15  183  463   10    3    1    7
         4    2    2   11    3   37    0    0    0
         5    0    0    2    0    0    9    0    1
         6    0    0    4    0    0    0    6    0
         7    1    1    0    0    0    0    1   18

Overall Statistics
                                          
               Accuracy : 0.8339          
                 95% CI : (0.8265, 0.8411)
    No Information Rate : 0.7713          
    P-Value [Acc > NIR] : < 2.2e-16       
                                          
                  Kappa : 0.4956          
                                          
 Mcnemar's Test P-Value : NA              

Statistics by Class:

                     Class: 0 Class: 1 Class: 2 Class: 3 Class: 4  Class: 5  Class: 6 Class: 7
Sensitivity           0.41176 0.285185   0.9572  0.47585 0.359223 0.3103448 0.3529412 0.327273
Specificity           0.98336 0.994416   0.4927  0.97048 0.998203 0.9997027 0.9996041 0.999702
Pos Pred Value        0.69863 0.583333   0.8642  0.63165 0.672727 0.7500000 0.6000000 0.857143
Neg Pred Value        0.94692 0.980677   0.7734  0.94567 0.993443 0.9980214 0.9989120 0.996336
Precision             0.69863 0.583333   0.8642  0.63165 0.672727 0.7500000 0.6000000 0.857143
Recall                0.41176 0.285185   0.9572  0.47585 0.359223 0.3103448 0.3529412 0.327273
F1                    0.51814 0.383085   0.9083  0.54279 0.468354 0.4390244 0.4444444 0.473684
Prevalence            0.08567 0.026680   0.7713  0.09615 0.010178 0.0028656 0.0016798 0.005435
Detection Rate        0.03528 0.007609   0.7383  0.04575 0.003656 0.0008893 0.0005929 0.001779
Detection Prevalence  0.05049 0.013043   0.8543  0.07243 0.005435 0.0011858 0.0009881 0.002075
Balanced Accuracy     0.69756 0.639801   0.7249  0.72317 0.678713 0.6550238 0.6762726 0.663487
