Confusion Matrix and Statistics

          Reference
Prediction    0    1    2    3    4    5    6
         0  131   83    8    3    1    1    2
         1  111 7255  323   30    9    9   25
         2   24  414  634   17    2    0    4
         3    2   36    4   55    0    0    1
         4    0    6    3    2   18    1    0
         5    0    5    0    0    0    6    0
         6    3   20    2    0    0    0   24

Overall Statistics
                                         
               Accuracy : 0.8759         
                 95% CI : (0.869, 0.8825)
    No Information Rate : 0.8431         
    P-Value [Acc > NIR] : < 2.2e-16      
                                         
                  Kappa : 0.5584         
                                         
 Mcnemar's Test P-Value : NA             

Statistics by Class:

                     Class: 0 Class: 1 Class: 2 Class: 3 Class: 4 Class: 5 Class: 6
Sensitivity           0.48339   0.9279  0.65092 0.514019 0.600000 0.352941 0.428571
Specificity           0.98911   0.6515  0.94446 0.995309 0.998702 0.999460 0.997288
Pos Pred Value        0.57205   0.9347  0.57900 0.561224 0.600000 0.545455 0.489796
Neg Pred Value        0.98452   0.6270  0.95843 0.994333 0.998702 0.998812 0.996531
Precision             0.57205   0.9347  0.57900 0.561224 0.600000 0.545455 0.489796
Recall                0.48339   0.9279  0.65092 0.514019 0.600000 0.352941 0.428571
F1                    0.52400   0.9313  0.61286 0.536585 0.600000 0.428571 0.457143
Prevalence            0.02922   0.8431  0.10502 0.011538 0.003235 0.001833 0.006038
Detection Rate        0.01413   0.7823  0.06836 0.005931 0.001941 0.000647 0.002588
Detection Prevalence  0.02469   0.8370  0.11807 0.010567 0.003235 0.001186 0.005284
Balanced Accuracy     0.73625   0.7897  0.79769 0.754664 0.799351 0.676201 0.712930
