Confusion Matrix and Statistics

          Reference
Prediction    0    1    2    3    4    5    6    7
         0  447   14  180   49    4    1    1    1
         1   15  103   57    7    1    0    0    1
         2  356  128 7346  399   41   12    4   21
         3   42   20  187  506    4    2    1    0
         4    3    3   18    8   52    0    0    1
         5    1    1    3    0    1   13    0    1
         6    1    0    9    0    0    0    9    0
         7    2    1    6    4    0    1    2   30

Overall Statistics
                                          
               Accuracy : 0.8405          
                 95% CI : (0.8332, 0.8476)
    No Information Rate : 0.7713          
    P-Value [Acc > NIR] : < 2.2e-16       
                                          
                  Kappa : 0.5483          
                                          
 Mcnemar's Test P-Value : NA              

Statistics by Class:

                     Class: 0 Class: 1 Class: 2 Class: 3 Class: 4 Class: 5  Class: 6 Class: 7
Sensitivity           0.51557  0.38148   0.9411  0.52004 0.504854 0.448276 0.5294118 0.545455
Specificity           0.97298  0.99178   0.5847  0.97201 0.996706 0.999306 0.9990102 0.998410
Pos Pred Value        0.64132  0.55978   0.8843  0.66404 0.611765 0.650000 0.4736842 0.652174
Neg Pred Value        0.95543  0.98319   0.7463  0.95010 0.994918 0.998416 0.9992080 0.997518
Precision             0.64132  0.55978   0.8843  0.66404 0.611765 0.650000 0.4736842 0.652174
Recall                0.51557  0.38148   0.9411  0.52004 0.504854 0.448276 0.5294118 0.545455
F1                    0.57161  0.45374   0.9118  0.58329 0.553191 0.530612 0.5000000 0.594059
Prevalence            0.08567  0.02668   0.7713  0.09615 0.010178 0.002866 0.0016798 0.005435
Detection Rate        0.04417  0.01018   0.7259  0.05000 0.005138 0.001285 0.0008893 0.002964
Detection Prevalence  0.06887  0.01818   0.8208  0.07530 0.008399 0.001976 0.0018775 0.004545
Balanced Accuracy     0.74428  0.68663   0.7629  0.74603 0.750780 0.723791 0.7642110 0.771932
