Confusion Matrix and Statistics

          Reference
Prediction    0    1    2    3    4    5    6    7
         0  443   14  157   41    4    1    0    2
         1    8  103   53    7    2    1    0    0
         2  353  134 7323  397   52   13    5   20
         3   58   14  230  523    4    0    2    5
         4    4    2   17    0   40    0    0    0
         5    0    1    8    1    0   13    0    1
         6    0    1    7    1    0    0   10    0
         7    1    1   11    3    1    1    0   27

Overall Statistics
                                          
               Accuracy : 0.8381          
                 95% CI : (0.8308, 0.8453)
    No Information Rate : 0.7713          
    P-Value [Acc > NIR] : < 2.2e-16       
                                          
                  Kappa : 0.5421          
                                          
 Mcnemar's Test P-Value : NA              

Statistics by Class:

                     Class: 0 Class: 1 Class: 2 Class: 3 Class: 4 Class: 5  Class: 6 Class: 7
Sensitivity           0.51096  0.38148   0.9381  0.53751 0.388350 0.448276 0.5882353 0.490909
Specificity           0.97633  0.99279   0.5791  0.96578 0.997704 0.998910 0.9991092 0.998212
Pos Pred Value        0.66918  0.59195   0.8826  0.62560 0.634921 0.541667 0.5263158 0.600000
Neg Pred Value        0.95517  0.98321   0.7351  0.95153 0.993736 0.998415 0.9993070 0.997221
Precision             0.66918  0.59195   0.8826  0.62560 0.634921 0.541667 0.5263158 0.600000
Recall                0.51096  0.38148   0.9381  0.53751 0.388350 0.448276 0.5882353 0.490909
F1                    0.57946  0.46396   0.9095  0.57822 0.481928 0.490566 0.5555556 0.540000
Prevalence            0.08567  0.02668   0.7713  0.09615 0.010178 0.002866 0.0016798 0.005435
Detection Rate        0.04377  0.01018   0.7236  0.05168 0.003953 0.001285 0.0009881 0.002668
Detection Prevalence  0.06542  0.01719   0.8199  0.08261 0.006225 0.002372 0.0018775 0.004447
Balanced Accuracy     0.74364  0.68714   0.7586  0.75165 0.693027 0.723593 0.7936722 0.744560
