Confusion Matrix and Statistics

          Reference
Prediction    0    1    2    3    4    5    6    7
         0  502   27  199   49   10    2    1    4
         1   19  129   73   13    3    1    0    4
         2  279   96 7173  304   38   11    7   24
         3   56   16  314  602   13    4    0    7
         4   11    1   36    3   43    0    0    1
         5    1    0    6    1    0   11    0    0
         6    0    1    8    0    0    0    8    0
         7    1    1   10    2    0    1    1   16

Overall Statistics
                                          
               Accuracy : 0.8364          
                 95% CI : (0.8291, 0.8436)
    No Information Rate : 0.7709          
    P-Value [Acc > NIR] : < 2.2e-16       
                                          
                  Kappa : 0.5697          
                                          
 Mcnemar's Test P-Value : NA              

Statistics by Class:

                     Class: 0 Class: 1 Class: 2 Class: 3 Class: 4 Class: 5  Class: 6 Class: 7
Sensitivity           0.57768  0.47601   0.9174  0.61807 0.401869 0.366667 0.4705882 0.285714
Specificity           0.96851  0.98855   0.6734  0.95528 0.994819 0.999209 0.9991112 0.998414
Pos Pred Value        0.63224  0.53306   0.9043  0.59486 0.452632 0.578947 0.4705882 0.500000
Neg Pred Value        0.96074  0.98566   0.7078  0.95926 0.993631 0.998123 0.9991112 0.996044
Precision             0.63224  0.53306   0.9043  0.59486 0.452632 0.578947 0.4705882 0.500000
Recall                0.57768  0.47601   0.9174  0.61807 0.401869 0.366667 0.4705882 0.285714
F1                    0.60373  0.50292   0.9108  0.60624 0.425743 0.448980 0.4705882 0.363636
Prevalence            0.08567  0.02672   0.7709  0.09603 0.010549 0.002958 0.0016760 0.005521
Detection Rate        0.04949  0.01272   0.7072  0.05935 0.004239 0.001084 0.0007887 0.001577
Detection Prevalence  0.07828  0.02386   0.7820  0.09977 0.009366 0.001873 0.0016760 0.003155
Balanced Accuracy     0.77309  0.73228   0.7954  0.78668 0.698344 0.682938 0.7348497 0.642064
