Confusion Matrix and Statistics

          Reference
Prediction    0    1    2    3    4    5    6    7
         0   68    0   17    8    1    0    0    0
         1    0    4    1    0    0    0    0    0
         2  795  262 7764  850   92   27   17   41
         3    3    4   19  114    2    0    0    1
         4    0    0    1    0    8    0    0    0
         5    0    0    2    0    0    2    0    0
         6    0    0    0    0    0    0    0    0
         7    1    0    2    1    0    0    0   13

Overall Statistics
                                          
               Accuracy : 0.7878          
                 95% CI : (0.7797, 0.7958)
    No Information Rate : 0.7713          
    P-Value [Acc > NIR] : 3.544e-05       
                                          
                  Kappa : 0.1418          
                                          
 Mcnemar's Test P-Value : NA              

Statistics by Class:

                     Class: 0  Class: 1 Class: 2 Class: 3  Class: 4  Class: 5 Class: 6 Class: 7
Sensitivity          0.078431 0.0148148  0.99462  0.11716 0.0776699 0.0689655  0.00000 0.236364
Specificity          0.997190 0.9998985  0.09939  0.99683 0.9999002 0.9998018  1.00000 0.999603
Pos Pred Value       0.723404 0.8000000  0.78838  0.79720 0.8888889 0.5000000      NaN 0.764706
Neg Pred Value       0.920307 0.9737024  0.84559  0.91390 0.9906043 0.9973310  0.99832 0.995843
Precision            0.723404 0.8000000  0.78838  0.79720 0.8888889 0.5000000       NA 0.764706
Recall               0.078431 0.0148148  0.99462  0.11716 0.0776699 0.0689655  0.00000 0.236364
F1                   0.141519 0.0290909  0.87957  0.20430 0.1428571 0.1212121       NA 0.361111
Prevalence           0.085672 0.0266798  0.77134  0.09615 0.0101779 0.0028656  0.00168 0.005435
Detection Rate       0.006719 0.0003953  0.76719  0.01126 0.0007905 0.0001976  0.00000 0.001285
Detection Prevalence 0.009289 0.0004941  0.97312  0.01413 0.0008893 0.0003953  0.00000 0.001680
Balanced Accuracy    0.537811 0.5073566  0.54701  0.55700 0.5387850 0.5343837  0.50000 0.617983
