Confusion Matrix and Statistics

          Reference
Prediction    0    1    2    3    4    5    6    7
         0  524   22  169   40    5    3    0    3
         1   12  130   54   13    1    0    1    3
         2  287   97 7331  339   35    9    7   14
         3   37   17  206  575    3    3    1    4
         4    6    3   27    3   58    0    0    0
         5    0    1    4    0    0   14    0    0
         6    0    0    3    0    1    0    8    0
         7    1    0   13    3    0    0    0   31

Overall Statistics
                                          
               Accuracy : 0.8567          
                 95% CI : (0.8498, 0.8635)
    No Information Rate : 0.7714          
    P-Value [Acc > NIR] : < 2.2e-16       
                                          
                  Kappa : 0.6086          
                                          
 Mcnemar's Test P-Value : NA              

Statistics by Class:

                     Class: 0 Class: 1 Class: 2 Class: 3 Class: 4 Class: 5  Class: 6 Class: 7
Sensitivity           0.60438  0.48148   0.9390  0.59096 0.563107 0.482759 0.4705882 0.563636
Specificity           0.97385  0.99147   0.6595  0.97038 0.996107 0.999505 0.9996041 0.998311
Pos Pred Value        0.68407  0.60748   0.9029  0.67967 0.597938 0.736842 0.6666667 0.645833
Neg Pred Value        0.96334  0.98587   0.7622  0.95709 0.995511 0.998515 0.9991097 0.997617
Precision             0.68407  0.60748   0.9029  0.67967 0.597938 0.736842 0.6666667 0.645833
Recall                0.60438  0.48148   0.9390  0.59096 0.563107 0.482759 0.4705882 0.563636
F1                    0.64176  0.53719   0.9206  0.63222 0.580000 0.583333 0.5517241 0.601942
Prevalence            0.08566  0.02668   0.7714  0.09614 0.010177 0.002865 0.0016797 0.005434
Detection Rate        0.05177  0.01284   0.7243  0.05681 0.005731 0.001383 0.0007904 0.003063
Detection Prevalence  0.07568  0.02114   0.8022  0.08359 0.009584 0.001877 0.0011857 0.004743
Balanced Accuracy     0.78912  0.73648   0.7992  0.78067 0.779607 0.741132 0.7350962 0.780974
