Confusion Matrix and Statistics

          Reference
Prediction    0    1    2    3    4    5    6
         0  155  146   20    4    2    1    1
         1   96 7128  326   42    4    7   22
         2   17  451  612   13    2    1    4
         3    1   48    4   44    0    0    0
         4    0    7    4    1   22    1    1
         5    0   11    1    0    0    5    0
         6    2   28    7    3    0    2   28

Overall Statistics
                                          
               Accuracy : 0.862           
                 95% CI : (0.8548, 0.8689)
    No Information Rate : 0.8431          
    P-Value [Acc > NIR] : 2.046e-07       
                                          
                  Kappa : 0.5291          
                                          
 Mcnemar's Test P-Value : NA              

Statistics by Class:

                     Class: 0 Class: 1 Class: 2 Class: 3 Class: 4  Class: 5 Class: 6
Sensitivity           0.57196   0.9116  0.62834 0.411215 0.733333 0.2941176 0.500000
Specificity           0.98067   0.6584  0.94120 0.994218 0.998486 0.9987037 0.995444
Pos Pred Value        0.47112   0.9348  0.55636 0.453608 0.611111 0.2941176 0.400000
Neg Pred Value        0.98703   0.5810  0.95571 0.993135 0.999134 0.9987037 0.996958
Precision             0.47112   0.9348  0.55636 0.453608 0.611111 0.2941176 0.400000
Recall                0.57196   0.9116  0.62834 0.411215 0.733333 0.2941176 0.500000
F1                    0.51667   0.9231  0.59016 0.431373 0.666667 0.2941176 0.444444
Prevalence            0.02922   0.8431  0.10502 0.011538 0.003235 0.0018331 0.006038
Detection Rate        0.01671   0.7686  0.06599 0.004744 0.002372 0.0005391 0.003019
Detection Prevalence  0.03548   0.8222  0.11861 0.010459 0.003882 0.0018331 0.007548
Balanced Accuracy     0.77631   0.7850  0.78477 0.702717 0.865909 0.6464107 0.747722
