Confusion Matrix and Statistics

          Reference
Prediction    0    1    2    3    4    5    6    7
         0  405   14  187   52    5    2    1    2
         1   12   92   57    9    0    0    1    3
         2  413  147 7350  489   54   14    7   24
         3   31   13  163  415    6    1    0    0
         4    2    0   23    5   38    0    0    1
         5    1    1    5    0    0   12    0    2
         6    0    0    9    2    0    0    7    0
         7    3    3   12    1    0    0    1   23

Overall Statistics
                                          
               Accuracy : 0.8243          
                 95% CI : (0.8168, 0.8317)
    No Information Rate : 0.7713          
    P-Value [Acc > NIR] : < 2.2e-16       
                                          
                  Kappa : 0.4834          
                                          
 Mcnemar's Test P-Value : NA              

Statistics by Class:

                     Class: 0 Class: 1 Class: 2 Class: 3 Class: 4 Class: 5  Class: 6 Class: 7
Sensitivity           0.46713 0.340741   0.9416  0.42652 0.368932 0.413793 0.4117647 0.418182
Specificity           0.97158 0.991675   0.5039  0.97660 0.996905 0.999108 0.9989112 0.998013
Pos Pred Value        0.60629 0.528736   0.8649  0.65978 0.550725 0.571429 0.3888889 0.534884
Neg Pred Value        0.95112 0.982103   0.7189  0.94121 0.993533 0.998317 0.9990101 0.996824
Precision             0.60629 0.528736   0.8649  0.65978 0.550725 0.571429 0.3888889 0.534884
Recall                0.46713 0.340741   0.9416  0.42652 0.368932 0.413793 0.4117647 0.418182
F1                    0.52769 0.414414   0.9016  0.51810 0.441860 0.480000 0.4000000 0.469388
Prevalence            0.08567 0.026680   0.7713  0.09615 0.010178 0.002866 0.0016798 0.005435
Detection Rate        0.04002 0.009091   0.7263  0.04101 0.003755 0.001186 0.0006917 0.002273
Detection Prevalence  0.06601 0.017194   0.8397  0.06215 0.006818 0.002075 0.0017787 0.004249
Balanced Accuracy     0.71935 0.666208   0.7227  0.70156 0.682919 0.706451 0.7053380 0.708097
