Confusion Matrix and Statistics

          Reference
Prediction    0    1    2    3    4    5    6    7
         0  445   19  180   56    8    3    0    4
         1   16   94   58    9    0    0    0    0
         2  364  136 7333  391   46   13    8   20
         3   36   17  192  511    8    1    1    4
         4    5    3   27    3   40    0    0    0
         5    0    0    6    1    0   12    0    1
         6    0    0    5    0    0    0    8    1
         7    1    1    5    2    1    0    0   25

Overall Statistics
                                          
               Accuracy : 0.8368          
                 95% CI : (0.8294, 0.8439)
    No Information Rate : 0.7713          
    P-Value [Acc > NIR] : < 2.2e-16       
                                          
                  Kappa : 0.537           
                                          
 Mcnemar's Test P-Value : NA              

Statistics by Class:

                     Class: 0 Class: 1 Class: 2 Class: 3 Class: 4 Class: 5  Class: 6 Class: 7
Sensitivity           0.51326 0.348148   0.9394  0.52518 0.388350 0.413793 0.4705882 0.454545
Specificity           0.97082 0.991574   0.5774  0.97168 0.996206 0.999207 0.9994061 0.999006
Pos Pred Value        0.62238 0.531073   0.8823  0.66364 0.512821 0.600000 0.5714286 0.714286
Neg Pred Value        0.95513 0.982299   0.7385  0.95059 0.993726 0.998317 0.9991094 0.997025
Precision             0.62238 0.531073   0.8823  0.66364 0.512821 0.600000 0.5714286 0.714286
Recall                0.51326 0.348148   0.9394  0.52518 0.388350 0.413793 0.4705882 0.454545
F1                    0.56258 0.420582   0.9100  0.58635 0.441989 0.489796 0.5161290 0.555556
Prevalence            0.08567 0.026680   0.7713  0.09615 0.010178 0.002866 0.0016798 0.005435
Detection Rate        0.04397 0.009289   0.7246  0.05049 0.003953 0.001186 0.0007905 0.002470
Detection Prevalence  0.07065 0.017490   0.8212  0.07609 0.007708 0.001976 0.0013834 0.003458
Balanced Accuracy     0.74204 0.669861   0.7584  0.74843 0.692278 0.706500 0.7349972 0.726776
