Confusion Matrix and Statistics

          Reference
Prediction    0    1    2    3    4    5    6    7
         0  182    5   76   21    1    2    0    2
         1   14   53   39    9    0    0    0    0
         2  634  201 7517  704   74   17    6   38
         3   35   10  141  231    5    0    4    4
         4    1    1   15    7   23    1    0    0
         5    0    0    7    1    0    9    0    1
         6    0    0    3    0    0    0    6    0
         7    1    0    8    0    0    0    1   10

Overall Statistics
                                          
               Accuracy : 0.7936          
                 95% CI : (0.7856, 0.8014)
    No Information Rate : 0.7713          
    P-Value [Acc > NIR] : 3.824e-08       
                                          
                  Kappa : 0.2944          
                                          
 Mcnemar's Test P-Value : NA              

Statistics by Class:

                     Class: 0 Class: 1 Class: 2 Class: 3 Class: 4  Class: 5  Class: 6  Class: 7
Sensitivity           0.20992 0.196296   0.9630  0.23741 0.223301 0.3103448 0.3529412 0.1818182
Specificity           0.98844 0.993706   0.2766  0.97824 0.997504 0.9991081 0.9997031 0.9990065
Pos Pred Value        0.62976 0.460870   0.8179  0.53721 0.479167 0.5000000 0.6666667 0.5000000
Neg Pred Value        0.93032 0.978311   0.6889  0.92343 0.992057 0.9980202 0.9989121 0.9955446
Precision             0.62976 0.460870   0.8179  0.53721 0.479167 0.5000000 0.6666667 0.5000000
Recall                0.20992 0.196296   0.9630  0.23741 0.223301 0.3103448 0.3529412 0.1818182
F1                    0.31488 0.275325   0.8845  0.32929 0.304636 0.3829787 0.4615385 0.2666667
Prevalence            0.08567 0.026680   0.7713  0.09615 0.010178 0.0028656 0.0016798 0.0054348
Detection Rate        0.01798 0.005237   0.7428  0.02283 0.002273 0.0008893 0.0005929 0.0009881
Detection Prevalence  0.02856 0.011364   0.9082  0.04249 0.004743 0.0017787 0.0008893 0.0019763
Balanced Accuracy     0.59918 0.595001   0.6198  0.60783 0.610403 0.6547265 0.6763221 0.5904123
