Confusion Matrix and Statistics

          Reference
Prediction    0    1    2    3    4    5    6
         0  134   80   20    2    1    0    3
         1  120 7417  412   43    9    8   22
         2   12  259  533   11    3    1    5
         3    2   34    3   50    0    0    1
         4    0    8    1    1   17    2    0
         5    0    9    0    0    0    4    0
         6    3   12    5    0    0    2   25

Overall Statistics
                                          
               Accuracy : 0.882           
                 95% CI : (0.8753, 0.8885)
    No Information Rate : 0.8431          
    P-Value [Acc > NIR] : < 2.2e-16       
                                          
                  Kappa : 0.5457          
                                          
 Mcnemar's Test P-Value : NA              

Statistics by Class:

                     Class: 0 Class: 1 Class: 2 Class: 3 Class: 4  Class: 5 Class: 6
Sensitivity           0.49446   0.9486  0.54723 0.467290 0.566667 0.2352941 0.446429
Specificity           0.98823   0.5780  0.96494 0.995637 0.998702 0.9990278 0.997613
Pos Pred Value        0.55833   0.9235  0.64684 0.555556 0.586207 0.3076923 0.531915
Neg Pred Value        0.98484   0.6766  0.94781 0.993794 0.998594 0.9985963 0.996640
Precision             0.55833   0.9235  0.64684 0.555556 0.586207 0.3076923 0.531915
Recall                0.49446   0.9486  0.54723 0.467290 0.566667 0.2352941 0.446429
F1                    0.52446   0.9359  0.59288 0.507614 0.576271 0.2666667 0.485437
Prevalence            0.02922   0.8431  0.10502 0.011538 0.003235 0.0018331 0.006038
Detection Rate        0.01445   0.7998  0.05747 0.005391 0.001833 0.0004313 0.002696
Detection Prevalence  0.02588   0.8660  0.08885 0.009705 0.003127 0.0014018 0.005068
Balanced Accuracy     0.74135   0.7633  0.75608 0.731463 0.782684 0.6171609 0.722021
