Confusion Matrix and Statistics

          Reference
Prediction    0    1    2    3    4    5    6    7
         0  277   10   90   30    1    1    0    2
         1    5   51   13    1    0    0    0    0
         2  561  199 7577  640   75   18   10   33
         3   23   10  107  300    7    0    1    4
         4    0    0    6    0   20    0    0    0
         5    0    0    7    1    0   10    0    1
         6    0    0    3    0    0    0    6    0
         7    1    0    3    1    0    0    0   15

Overall Statistics
                                          
               Accuracy : 0.8158          
                 95% CI : (0.8081, 0.8233)
    No Information Rate : 0.7713          
    P-Value [Acc > NIR] : < 2.2e-16       
                                          
                  Kappa : 0.3807          
                                          
 Mcnemar's Test P-Value : NA              

Statistics by Class:

                     Class: 0 Class: 1 Class: 2 Class: 3 Class: 4  Class: 5  Class: 6 Class: 7
Sensitivity           0.31949 0.188889   0.9707  0.30832 0.194175 0.3448276 0.3529412 0.272727
Specificity           0.98552 0.998071   0.3362  0.98338 0.999401 0.9991081 0.9997031 0.999503
Pos Pred Value        0.67397 0.728571   0.8314  0.66372 0.769231 0.5263158 0.6666667 0.750000
Neg Pred Value        0.93923 0.978209   0.7726  0.93039 0.991777 0.9981190 0.9989121 0.996040
Precision             0.67397 0.728571   0.8314  0.66372 0.769231 0.5263158 0.6666667 0.750000
Recall                0.31949 0.188889   0.9707  0.30832 0.194175 0.3448276 0.3529412 0.272727
F1                    0.43349 0.300000   0.8957  0.42105 0.310078 0.4166667 0.4615385 0.400000
Prevalence            0.08567 0.026680   0.7713  0.09615 0.010178 0.0028656 0.0016798 0.005435
Detection Rate        0.02737 0.005040   0.7487  0.02964 0.001976 0.0009881 0.0005929 0.001482
Detection Prevalence  0.04061 0.006917   0.9005  0.04466 0.002569 0.0018775 0.0008893 0.001976
Balanced Accuracy     0.65251 0.593480   0.6534  0.64585 0.596788 0.6719679 0.6763221 0.636115
