Confusion Matrix and Statistics

          Reference
Prediction    0    1    2    3    4    5    6    7
         0  348    9  112   30    4    1    0    2
         1    5   75   28    2    0    0    0    1
         2  485  172 7513  529   65   14    6   27
         3   25   12  133  408    5    2    4    1
         4    2    1    5    2   29    0    0    0
         5    1    0    3    0    0   12    0    2
         6    0    0    7    0    0    0    7    0
         7    1    1    5    2    0    0    0   22

Overall Statistics
                                         
               Accuracy : 0.8314         
                 95% CI : (0.824, 0.8387)
    No Information Rate : 0.7713         
    P-Value [Acc > NIR] : < 2.2e-16      
                                         
                  Kappa : 0.4702         
                                         
 Mcnemar's Test P-Value : NA             

Statistics by Class:

                     Class: 0 Class: 1 Class: 2 Class: 3 Class: 4 Class: 5  Class: 6 Class: 7
Sensitivity           0.40138 0.277778   0.9625  0.41932 0.281553 0.413793 0.4117647 0.400000
Specificity           0.98292 0.996345   0.4391  0.98010 0.999002 0.999405 0.9993071 0.999106
Pos Pred Value        0.68775 0.675676   0.8527  0.69153 0.743590 0.666667 0.5000000 0.709677
Neg Pred Value        0.94602 0.980518   0.7762  0.94071 0.992659 0.998317 0.9990105 0.996729
Precision             0.68775 0.675676   0.8527  0.69153 0.743590 0.666667 0.5000000 0.709677
Recall                0.40138 0.277778   0.9625  0.41932 0.281553 0.413793 0.4117647 0.400000
F1                    0.50692 0.393701   0.9043  0.52207 0.408451 0.510638 0.4516129 0.511628
Prevalence            0.08567 0.026680   0.7713  0.09615 0.010178 0.002866 0.0016798 0.005435
Detection Rate        0.03439 0.007411   0.7424  0.04032 0.002866 0.001186 0.0006917 0.002174
Detection Prevalence  0.05000 0.010968   0.8707  0.05830 0.003854 0.001779 0.0013834 0.003063
Balanced Accuracy     0.69215 0.637061   0.7008  0.69971 0.640278 0.706599 0.7055359 0.699553
