Confusion Matrix and Statistics

          Reference
Prediction    0    1    2    3    4    5    6
         0  139   68   11    0    1    0    2
         1  115 7351  369   45    4   10   23
         2   16  320  588   11    4    1    5
         3    0   42    4   49    0    0    0
         4    0    8    0    1   21    2    0
         5    1    8    0    0    0    4    0
         6    0   22    2    1    0    0   26

Overall Statistics
                                          
               Accuracy : 0.8818          
                 95% CI : (0.8751, 0.8883)
    No Information Rate : 0.8431          
    P-Value [Acc > NIR] : < 2.2e-16       
                                          
                  Kappa : 0.5602          
                                          
 Mcnemar's Test P-Value : NA              

Statistics by Class:

                     Class: 0 Class: 1 Class: 2 Class: 3 Class: 4  Class: 5 Class: 6
Sensitivity           0.51292   0.9401   0.6037 0.457944 0.700000 0.2352941 0.464286
Specificity           0.99089   0.6110   0.9570 0.994982 0.998810 0.9990278 0.997288
Pos Pred Value        0.62896   0.9285   0.6222 0.515789 0.656250 0.3076923 0.509804
Neg Pred Value        0.98542   0.6551   0.9537 0.993681 0.999026 0.9985963 0.996747
Precision             0.62896   0.9285   0.6222 0.515789 0.656250 0.3076923 0.509804
Recall                0.51292   0.9401   0.6037 0.457944 0.700000 0.2352941 0.464286
F1                    0.56504   0.9343   0.6128 0.485149 0.677419 0.2666667 0.485981
Prevalence            0.02922   0.8431   0.1050 0.011538 0.003235 0.0018331 0.006038
Detection Rate        0.01499   0.7926   0.0634 0.005284 0.002264 0.0004313 0.002804
Detection Prevalence  0.02383   0.8537   0.1019 0.010244 0.003451 0.0014018 0.005499
Balanced Accuracy     0.75190   0.7756   0.7803 0.726463 0.849405 0.6171609 0.730787
