Confusion Matrix and Statistics

          Reference
Prediction    0    1    2    3    4    5    6    7
         0  468   38  233   79   13    5    6    7
         1   11   77   45   10    3    1    1    1
         2  341  133 7238  360   61   12    7   30
         3   48   21  281  521   13    4    3    4
         4    1    1   14    2   17    0    0    0
         5    0    0    2    0    0    7    0    0
         6    0    0    0    0    0    0    0    0
         7    0    1    6    2    0    1    0   14

Overall Statistics
                                          
               Accuracy : 0.8224          
                 95% CI : (0.8149, 0.8298)
    No Information Rate : 0.7709          
    P-Value [Acc > NIR] : < 2.2e-16       
                                          
                  Kappa : 0.5096          
                                          
 Mcnemar's Test P-Value : NA              

Statistics by Class:

                     Class: 0 Class: 1 Class: 2 Class: 3 Class: 4  Class: 5 Class: 6 Class: 7
Sensitivity           0.53855 0.284133   0.9257  0.53491 0.158879 0.2333333 0.000000 0.250000
Specificity           0.95892 0.992707   0.5938  0.95921 0.998206 0.9998022 1.000000 0.999009
Pos Pred Value        0.55124 0.516779   0.8846  0.58212 0.485714 0.7777778      NaN 0.583333
Neg Pred Value        0.95685 0.980588   0.7037  0.95102 0.991096 0.9977304 0.998324 0.995849
Precision             0.55124 0.516779   0.8846  0.58212 0.485714 0.7777778       NA 0.583333
Recall                0.53855 0.284133   0.9257  0.53491 0.158879 0.2333333 0.000000 0.250000
F1                    0.54482 0.366667   0.9047  0.55752 0.239437 0.3589744       NA 0.350000
Prevalence            0.08567 0.026718   0.7709  0.09603 0.010549 0.0029577 0.001676 0.005521
Detection Rate        0.04614 0.007591   0.7136  0.05137 0.001676 0.0006901 0.000000 0.001380
Detection Prevalence  0.08370 0.014690   0.8067  0.08824 0.003451 0.0008873 0.000000 0.002366
Balanced Accuracy     0.74873 0.638420   0.7597  0.74706 0.578542 0.6165678 0.500000 0.624504
