Confusion Matrix and Statistics

          Reference
Prediction    0    1    2    3    4    5    6
         0  120   95   24    1    0    0    0
         1  137 7388  438   37   12   10   27
         2   11  269  498   11    2    0    5
         3    1   40    8   53    0    0    0
         4    0    8    1    1   16    3    0
         5    1    5    1    0    0    4    1
         6    1   14    4    4    0    0   23

Overall Statistics
                                          
               Accuracy : 0.8736          
                 95% CI : (0.8667, 0.8803)
    No Information Rate : 0.8431          
    P-Value [Acc > NIR] : < 2.2e-16       
                                          
                  Kappa : 0.5108          
                                          
 Mcnemar's Test P-Value : NA              

Statistics by Class:

                     Class: 0 Class: 1 Class: 2 Class: 3 Class: 4  Class: 5 Class: 6
Sensitivity           0.44280   0.9449  0.51129 0.495327 0.533333 0.2352941 0.410714
Specificity           0.98667   0.5457  0.96410 0.994655 0.998594 0.9991358 0.997505
Pos Pred Value        0.50000   0.9179  0.62563 0.519608 0.551724 0.3333333 0.500000
Neg Pred Value        0.98329   0.6482  0.94385 0.994113 0.998486 0.9985964 0.996424
Precision             0.50000   0.9179  0.62563 0.519608 0.551724 0.3333333 0.500000
Recall                0.44280   0.9449  0.51129 0.495327 0.533333 0.2352941 0.410714
F1                    0.46967   0.9312  0.56271 0.507177 0.542373 0.2758621 0.450980
Prevalence            0.02922   0.8431  0.10502 0.011538 0.003235 0.0018331 0.006038
Detection Rate        0.01294   0.7966  0.05370 0.005715 0.001725 0.0004313 0.002480
Detection Prevalence  0.02588   0.8679  0.08583 0.010998 0.003127 0.0012939 0.004960
Balanced Accuracy     0.71474   0.7453  0.73770 0.744991 0.765964 0.6172150 0.704110
