Confusion Matrix and Statistics

          Reference
Prediction    0    1    2    3    4    5    6    7
         0  343   14   91   43    3    3    0    2
         1   10   73   24    5    0    1    0    1
         2  477  167 7536  503   76   13   11   28
         3   35   15  141  418    4    1    3    3
         4    1    0    5    3   20    0    0    0
         5    0    0    3    0    0   11    0    1
         6    0    0    4    0    0    0    3    0
         7    1    1    2    1    0    0    0   20

Overall Statistics
                                         
               Accuracy : 0.8324         
                 95% CI : (0.825, 0.8396)
    No Information Rate : 0.7713         
    P-Value [Acc > NIR] : < 2.2e-16      
                                         
                  Kappa : 0.4729         
                                         
 Mcnemar's Test P-Value : NA             

Statistics by Class:

                     Class: 0 Class: 1 Class: 2 Class: 3 Class: 4 Class: 5  Class: 6 Class: 7
Sensitivity           0.39562 0.270370   0.9654  0.42960 0.194175 0.379310 0.1764706 0.363636
Specificity           0.98314 0.995838   0.4490  0.97792 0.999102 0.999604 0.9996041 0.999503
Pos Pred Value        0.68737 0.640351   0.8553  0.67419 0.689655 0.733333 0.4285714 0.800000
Neg Pred Value        0.94554 0.980312   0.7937  0.94158 0.991775 0.998219 0.9986156 0.996533
Precision             0.68737 0.640351   0.8553  0.67419 0.689655 0.733333 0.4285714 0.800000
Recall                0.39562 0.270370   0.9654  0.42960 0.194175 0.379310 0.1764706 0.363636
F1                    0.50220 0.380208   0.9070  0.52480 0.303030 0.500000 0.2500000 0.500000
Prevalence            0.08567 0.026680   0.7713  0.09615 0.010178 0.002866 0.0016798 0.005435
Detection Rate        0.03389 0.007213   0.7447  0.04130 0.001976 0.001087 0.0002964 0.001976
Detection Prevalence  0.04931 0.011265   0.8707  0.06126 0.002866 0.001482 0.0006917 0.002470
Balanced Accuracy     0.68938 0.633104   0.7072  0.70376 0.596638 0.689457 0.5880373 0.681570
