Confusion Matrix and Statistics

          Reference
Prediction    0    1    2    3    4    5    6    7
         0  535   17  171   34    4    2    0    4
         1    7  133   61   10    2    0    1    1
         2  280   96 7314  319   37   11   10   15
         3   38   20  223  604    6    3    1    5
         4    2    1   26    2   54    0    0    0
         5    1    2    3    1    0   13    0    0
         6    1    0    3    1    0    0    5    1
         7    3    1    6    2    0    0    0   29

Overall Statistics
                                          
               Accuracy : 0.8583          
                 95% CI : (0.8514, 0.8651)
    No Information Rate : 0.7714          
    P-Value [Acc > NIR] : < 2.2e-16       
                                          
                  Kappa : 0.6153          
                                          
 Mcnemar's Test P-Value : NA              

Statistics by Class:

                     Class: 0 Class: 1 Class: 2 Class: 3 Class: 4 Class: 5 Class: 6 Class: 7
Sensitivity           0.61707  0.49259   0.9369  0.62076 0.524272 0.448276 0.294118 0.527273
Specificity           0.97493  0.99168   0.6681  0.96764 0.996906 0.999306 0.999406 0.998808
Pos Pred Value        0.69752  0.61860   0.9050  0.67111 0.635294 0.650000 0.454545 0.707317
Neg Pred Value        0.96451  0.98617   0.7582  0.95998 0.995118 0.998416 0.998813 0.997421
Precision             0.69752  0.61860   0.9050  0.67111 0.635294 0.650000 0.454545 0.707317
Recall                0.61707  0.49259   0.9369  0.62076 0.524272 0.448276 0.294118 0.527273
F1                    0.65483  0.54845   0.9206  0.64495 0.574468 0.530612 0.357143 0.604167
Prevalence            0.08566  0.02668   0.7714  0.09614 0.010177 0.002865 0.001680 0.005434
Detection Rate        0.05286  0.01314   0.7227  0.05968 0.005335 0.001284 0.000494 0.002865
Detection Prevalence  0.07578  0.02124   0.7985  0.08892 0.008398 0.001976 0.001087 0.004051
Balanced Accuracy     0.79600  0.74213   0.8025  0.79420 0.760589 0.723791 0.646762 0.763040
