Confusion Matrix and Statistics

          Reference
Prediction    0    1    2    3    4    5    6
         0  139   68   13    1    1    0    1
         1  114 7406  400   47   11    8   20
         2   15  287  554    9    1    1    7
         3    2   29    3   49    0    0    2
         4    0    5    2    0   17    2    0
         5    0    5    0    0    0    5    0
         6    1   19    2    1    0    1   26

Overall Statistics
                                          
               Accuracy : 0.8838          
                 95% CI : (0.8771, 0.8902)
    No Information Rate : 0.8431          
    P-Value [Acc > NIR] : < 2.2e-16       
                                          
                  Kappa : 0.5553          
                                          
 Mcnemar's Test P-Value : NA              

Statistics by Class:

                     Class: 0 Class: 1 Class: 2 Class: 3 Class: 4  Class: 5 Class: 6
Sensitivity           0.51292   0.9472  0.56879 0.457944 0.566667 0.2941176 0.464286
Specificity           0.99067   0.5876  0.96145 0.996073 0.999026 0.9994599 0.997396
Pos Pred Value        0.62332   0.9251  0.63387 0.576471 0.653846 0.5000000 0.520000
Neg Pred Value        0.98542   0.6743  0.95000 0.993688 0.998594 0.9987047 0.996748
Precision             0.62332   0.9251  0.63387 0.576471 0.653846 0.5000000 0.520000
Recall                0.51292   0.9472  0.56879 0.457944 0.566667 0.2941176 0.464286
F1                    0.56275   0.9360  0.59957 0.510417 0.607143 0.3703704 0.490566
Prevalence            0.02922   0.8431  0.10502 0.011538 0.003235 0.0018331 0.006038
Detection Rate        0.01499   0.7986  0.05974 0.005284 0.001833 0.0005391 0.002804
Detection Prevalence  0.02405   0.8633  0.09424 0.009165 0.002804 0.0010783 0.005391
Balanced Accuracy     0.75179   0.7674  0.76512 0.727008 0.782847 0.6467888 0.730841
