Confusion Matrix and Statistics

          Reference
Prediction    0    1    2    3    4    5    6    7
         0   53    2   33    5    2    0    0    0
         1    0    0    0    0    0    0    0    0
         2  803  261 7730  911  101   28   16   46
         3   10    7   39   57    0    0    0    2
         4    0    0    0    0    0    0    0    0
         5    0    0    3    0    0    1    0    0
         6    0    0    1    0    0    0    1    0
         7    1    0    0    0    0    0    0    7

Overall Statistics
                                          
               Accuracy : 0.7756          
                 95% CI : (0.7673, 0.7837)
    No Information Rate : 0.7713          
    P-Value [Acc > NIR] : 0.1572          
                                          
                  Kappa : 0.0796          
                                          
 Mcnemar's Test P-Value : NA              

Statistics by Class:

                     Class: 0 Class: 1 Class: 2 Class: 3 Class: 4  Class: 5  Class: 6  Class: 7
Sensitivity          0.061130  0.00000  0.99026 0.058582  0.00000 3.448e-02 5.882e-02 0.1272727
Specificity          0.995461  1.00000  0.06396 0.993659  1.00000 9.997e-01 9.999e-01 0.9999006
Pos Pred Value       0.557895      NaN  0.78112 0.495652      NaN 2.500e-01 5.000e-01 0.8750000
Neg Pred Value       0.918803  0.97332  0.66071 0.908446  0.98982 9.972e-01 9.984e-01 0.9952532
Precision            0.557895       NA  0.78112 0.495652       NA 2.500e-01 5.000e-01 0.8750000
Recall               0.061130  0.00000  0.99026 0.058582  0.00000 3.448e-02 5.882e-02 0.1272727
F1                   0.110187       NA  0.87335 0.104779       NA 6.061e-02 1.053e-01 0.2222222
Prevalence           0.085672  0.02668  0.77134 0.096146  0.01018 2.866e-03 1.680e-03 0.0054348
Detection Rate       0.005237  0.00000  0.76383 0.005632  0.00000 9.881e-05 9.881e-05 0.0006917
Detection Prevalence 0.009387  0.00000  0.97787 0.011364  0.00000 3.953e-04 1.976e-04 0.0007905
Balanced Accuracy    0.528296  0.50000  0.52711 0.526120  0.50000 5.171e-01 5.294e-01 0.5635867
