Confusion Matrix and Statistics

          Reference
Prediction    0    1    2    3    4    5    6
         0  125   63    9    2    0    0    0
         1  131 7430  400   52   12   10   26
         2   13  284  555    6    2    1    7
         3    0   16    2   43    0    0    0
         4    0    5    3    1   15    2    1
         5    1    4    0    0    0    4    0
         6    1   17    5    3    1    0   22

Overall Statistics
                                        
               Accuracy : 0.8835        
                 95% CI : (0.8768, 0.89)
    No Information Rate : 0.8431        
    P-Value [Acc > NIR] : < 2.2e-16     
                                        
                  Kappa : 0.5461        
                                        
 Mcnemar's Test P-Value : NA            

Statistics by Class:

                     Class: 0 Class: 1 Class: 2 Class: 3 Class: 4  Class: 5 Class: 6
Sensitivity           0.46125   0.9502  0.56982 0.401869 0.500000 0.2352941 0.392857
Specificity           0.99178   0.5663  0.96229 0.998036 0.998702 0.9994599 0.997071
Pos Pred Value        0.62814   0.9217  0.63940 0.704918 0.555556 0.4444444 0.448980
Neg Pred Value        0.98391   0.6793  0.95015 0.993053 0.998378 0.9985969 0.996314
Precision             0.62814   0.9217  0.63940 0.704918 0.555556 0.4444444 0.448980
Recall                0.46125   0.9502  0.56982 0.401869 0.500000 0.2352941 0.392857
F1                    0.53191   0.9358  0.60261 0.511905 0.526316 0.3076923 0.419048
Prevalence            0.02922   0.8431  0.10502 0.011538 0.003235 0.0018331 0.006038
Detection Rate        0.01348   0.8012  0.05984 0.004637 0.001617 0.0004313 0.002372
Detection Prevalence  0.02146   0.8692  0.09359 0.006578 0.002911 0.0009705 0.005284
Balanced Accuracy     0.72652   0.7583  0.76605 0.699953 0.749351 0.6173770 0.694964
