Confusion Matrix and Statistics

          Reference
Prediction    0    1    2    3    4    5    6
         0  140   67   12    2    1    0    1
         1  115 7398  393   41   10   10   27
         2   13  303  558    9    1    0    8
         3    0   29    5   51    0    0    1
         4    1    4    3    2   18    2    0
         5    0    6    1    0    0    5    0
         6    2   12    2    2    0    0   19

Overall Statistics
                                          
               Accuracy : 0.883           
                 95% CI : (0.8763, 0.8895)
    No Information Rate : 0.8431          
    P-Value [Acc > NIR] : < 2.2e-16       
                                          
                  Kappa : 0.554           
                                          
 Mcnemar's Test P-Value : NA              

Statistics by Class:

                     Class: 0 Class: 1 Class: 2 Class: 3 Class: 4  Class: 5 Class: 6
Sensitivity           0.51661   0.9462  0.57290 0.476636 0.600000 0.2941176 0.339286
Specificity           0.99078   0.5904  0.95976 0.996182 0.998702 0.9992438 0.998047
Pos Pred Value        0.62780   0.9254  0.62556 0.593023 0.600000 0.4166667 0.513514
Neg Pred Value        0.98553   0.6711  0.95037 0.993905 0.998702 0.9987044 0.995994
Precision             0.62780   0.9254  0.62556 0.593023 0.600000 0.4166667 0.513514
Recall                0.51661   0.9462  0.57290 0.476636 0.600000 0.2941176 0.339286
F1                    0.56680   0.9357  0.59807 0.528497 0.600000 0.3448276 0.408602
Prevalence            0.02922   0.8431  0.10502 0.011538 0.003235 0.0018331 0.006038
Detection Rate        0.01510   0.7977  0.06017 0.005499 0.001941 0.0005391 0.002049
Detection Prevalence  0.02405   0.8620  0.09618 0.009273 0.003235 0.0012939 0.003990
Balanced Accuracy     0.75369   0.7683  0.76633 0.736409 0.799351 0.6466807 0.668667
