Confusion Matrix and Statistics

          Reference
Prediction    0    1    2    3    4    5    6    7
         0  398   14  146   34    6    2    0    2
         1    8   87   31    7    3    2    0    0
         2  416  154 7421  453   49   10    6   27
         3   42   14  179  471    5    2    1    3
         4    0    0   13    3   40    0    0    0
         5    2    1    6    2    0   13    0    0
         6    0    0    7    1    0    0    9    0
         7    1    0    3    2    0    0    1   23

Overall Statistics
                                          
               Accuracy : 0.8362          
                 95% CI : (0.8288, 0.8433)
    No Information Rate : 0.7713          
    P-Value [Acc > NIR] : < 2.2e-16       
                                          
                  Kappa : 0.5139          
                                          
 Mcnemar's Test P-Value : NA              

Statistics by Class:

                     Class: 0 Class: 1 Class: 2 Class: 3 Class: 4 Class: 5  Class: 6 Class: 7
Sensitivity           0.45905 0.322222   0.9507  0.48407 0.388350 0.448276 0.5294118 0.418182
Specificity           0.97795 0.994822   0.5182  0.97311 0.998403 0.998910 0.9992082 0.999305
Pos Pred Value        0.66113 0.630435   0.8694  0.65690 0.714286 0.541667 0.5294118 0.766667
Neg Pred Value        0.95072 0.981667   0.7569  0.94661 0.993740 0.998415 0.9992082 0.996829
Precision             0.66113 0.630435   0.8694  0.65690 0.714286 0.541667 0.5294118 0.766667
Recall                0.45905 0.322222   0.9507  0.48407 0.388350 0.448276 0.5294118 0.418182
F1                    0.54187 0.426471   0.9082  0.55740 0.503145 0.490566 0.5294118 0.541176
Prevalence            0.08567 0.026680   0.7713  0.09615 0.010178 0.002866 0.0016798 0.005435
Detection Rate        0.03933 0.008597   0.7333  0.04654 0.003953 0.001285 0.0008893 0.002273
Detection Prevalence  0.05949 0.013636   0.8435  0.07085 0.005534 0.002372 0.0016798 0.002964
Balanced Accuracy     0.71850 0.658522   0.7344  0.72859 0.693376 0.723593 0.7643100 0.708743
