Confusion Matrix and Statistics

          Reference
Prediction    0    1    2    3    4    5    6    7
         0  415   15  170   53    4    1    0    2
         1   16  120   62    5    3    1    0    3
         2  385  116 7361  431   45   14    8   22
         3   43   13  178  478    5    0    3    4
         4    5    2   13    4   46    0    0    1
         5    1    1    5    1    0   13    0    1
         6    0    0    8    0    0    0    5    0
         7    2    3    9    1    0    0    1   22

Overall Statistics
                                          
               Accuracy : 0.836           
                 95% CI : (0.8286, 0.8431)
    No Information Rate : 0.7713          
    P-Value [Acc > NIR] : < 2.2e-16       
                                          
                  Kappa : 0.5287          
                                          
 Mcnemar's Test P-Value : NA              

Statistics by Class:

                     Class: 0 Class: 1 Class: 2 Class: 3 Class: 4 Class: 5  Class: 6 Class: 7
Sensitivity           0.47866  0.44444   0.9430  0.49126 0.446602 0.448276 0.2941176 0.400000
Specificity           0.97352  0.99086   0.5588  0.97311 0.997504 0.999108 0.9992082 0.998410
Pos Pred Value        0.62879  0.57143   0.8782  0.66022 0.647887 0.590909 0.3846154 0.578947
Neg Pred Value        0.95222  0.98486   0.7440  0.94732 0.994328 0.998416 0.9988127 0.996727
Precision             0.62879  0.57143   0.8782  0.66022 0.647887 0.590909 0.3846154 0.578947
Recall                0.47866  0.44444   0.9430  0.49126 0.446602 0.448276 0.2941176 0.400000
F1                    0.54355  0.50000   0.9094  0.56335 0.528736 0.509804 0.3333333 0.473118
Prevalence            0.08567  0.02668   0.7713  0.09615 0.010178 0.002866 0.0016798 0.005435
Detection Rate        0.04101  0.01186   0.7274  0.04723 0.004545 0.001285 0.0004941 0.002174
Detection Prevalence  0.06522  0.02075   0.8283  0.07154 0.007016 0.002174 0.0012846 0.003755
Balanced Accuracy     0.72609  0.71765   0.7509  0.73219 0.722053 0.723692 0.6466629 0.699205
