Confusion Matrix and Statistics

          Reference
Prediction    0    1    2    3    4    5    6    7
         0  387   11  112   35    6    1    0    3
         1    7   81   43    8    2    0    0    0
         2  415  157 7422  453   48   17    9   24
         3   53   18  201  468    6    1    3    0
         4    3    1   14    4   41    0    0    1
         5    0    1    2    1    0   10    0    1
         6    0    0    5    2    0    0    4    0
         7    2    1    7    2    0    0    1   26

Overall Statistics
                                          
               Accuracy : 0.8339          
                 95% CI : (0.8265, 0.8411)
    No Information Rate : 0.7713          
    P-Value [Acc > NIR] : < 2.2e-16       
                                          
                  Kappa : 0.5062          
                                          
 Mcnemar's Test P-Value : NA              

Statistics by Class:

                     Class: 0 Class: 1 Class: 2 Class: 3 Class: 4  Class: 5  Class: 6 Class: 7
Sensitivity           0.44637 0.300000   0.9508  0.48099 0.398058 0.3448276 0.2352941 0.472727
Specificity           0.98184 0.993909   0.5147  0.96917 0.997704 0.9995045 0.9993071 0.998708
Pos Pred Value        0.69730 0.574468   0.8686  0.62400 0.640625 0.6666667 0.3636364 0.666667
Neg Pred Value        0.94982 0.981060   0.7562  0.94610 0.993835 0.9981197 0.9987140 0.997123
Precision             0.69730 0.574468   0.8686  0.62400 0.640625 0.6666667 0.3636364 0.666667
Recall                0.44637 0.300000   0.9508  0.48099 0.398058 0.3448276 0.2352941 0.472727
F1                    0.54430 0.394161   0.9078  0.54324 0.491018 0.4545455 0.2857143 0.553191
Prevalence            0.08567 0.026680   0.7713  0.09615 0.010178 0.0028656 0.0016798 0.005435
Detection Rate        0.03824 0.008004   0.7334  0.04625 0.004051 0.0009881 0.0003953 0.002569
Detection Prevalence  0.05484 0.013933   0.8444  0.07411 0.006324 0.0014822 0.0010870 0.003854
Balanced Accuracy     0.71411 0.646954   0.7328  0.72508 0.697881 0.6721660 0.6173006 0.735718
