Confusion Matrix and Statistics

          Reference
Prediction    0    1    2    3    4    5    6    7
         0  376   13  121   37    4    2    0    2
         1   10   93   38    6    2    1    1    0
         2  428  146 7483  458   63   19    9   25
         3   50   17  148  467    6    0    3    4
         4    1    1    9    2   28    0    0    0
         5    1    0    3    0    0    7    0    0
         6    0    0    1    1    0    0    3    0
         7    1    0    3    2    0    0    1   24

Overall Statistics
                                          
               Accuracy : 0.838           
                 95% CI : (0.8307, 0.8452)
    No Information Rate : 0.7713          
    P-Value [Acc > NIR] : < 2.2e-16       
                                          
                  Kappa : 0.5098          
                                          
 Mcnemar's Test P-Value : NA              

Statistics by Class:

                     Class: 0 Class: 1 Class: 2 Class: 3 Class: 4  Class: 5  Class: 6 Class: 7
Sensitivity           0.43368  0.34444   0.9586  0.47996 0.271845 0.2413793 0.1764706 0.436364
Specificity           0.98065  0.99411   0.5039  0.97507 0.998702 0.9996036 0.9998020 0.999305
Pos Pred Value        0.67748  0.61589   0.8670  0.67194 0.682927 0.6363636 0.6000000 0.774194
Neg Pred Value        0.94867  0.98224   0.7831  0.94631 0.992559 0.9978237 0.9986159 0.996927
Precision             0.67748  0.61589   0.8670  0.67194 0.682927 0.6363636 0.6000000 0.774194
Recall                0.43368  0.34444   0.9586  0.47996 0.271845 0.2413793 0.1764706 0.436364
F1                    0.52883  0.44181   0.9105  0.55995 0.388889 0.3500000 0.2727273 0.558140
Prevalence            0.08567  0.02668   0.7713  0.09615 0.010178 0.0028656 0.0016798 0.005435
Detection Rate        0.03715  0.00919   0.7394  0.04615 0.002767 0.0006917 0.0002964 0.002372
Detection Prevalence  0.05484  0.01492   0.8529  0.06868 0.004051 0.0010870 0.0004941 0.003063
Balanced Accuracy     0.70717  0.66928   0.7313  0.72752 0.635273 0.6204915 0.5881363 0.717834
