Confusion Matrix and Statistics

          Reference
Prediction    0    1    2    3    4    5    6    7
         0  167    2   36   14    2    1    0    0
         1    1   26    7    0    0    0    0    0
         2  689  236 7710  794   82   25   15   39
         3    9    6   40  164    4    0    0    1
         4    0    0    2    0   15    0    0    0
         5    0    0    5    0    0    3    0    0
         6    0    0    3    0    0    0    2    0
         7    1    0    3    1    0    0    0   15

Overall Statistics
                                          
               Accuracy : 0.8006          
                 95% CI : (0.7927, 0.8083)
    No Information Rate : 0.7713          
    P-Value [Acc > NIR] : 6.053e-13       
                                          
                  Kappa : 0.2473          
                                          
 Mcnemar's Test P-Value : NA              

Statistics by Class:

                     Class: 0 Class: 1 Class: 2 Class: 3 Class: 4  Class: 5  Class: 6 Class: 7
Sensitivity           0.19262 0.096296   0.9877  0.16855 0.145631 0.1034483 0.1176471 0.272727
Specificity           0.99406 0.999188   0.1876  0.99344 0.999800 0.9995045 0.9997031 0.999503
Pos Pred Value        0.75225 0.764706   0.8040  0.73214 0.882353 0.3750000 0.4000000 0.750000
Neg Pred Value        0.92928 0.975808   0.8189  0.91825 0.991290 0.9974288 0.9985171 0.996040
Precision             0.75225 0.764706   0.8040  0.73214 0.882353 0.3750000 0.4000000 0.750000
Recall                0.19262 0.096296   0.9877  0.16855 0.145631 0.1034483 0.1176471 0.272727
F1                    0.30670 0.171053   0.8864  0.27402 0.250000 0.1621622 0.1818182 0.400000
Prevalence            0.08567 0.026680   0.7713  0.09615 0.010178 0.0028656 0.0016798 0.005435
Detection Rate        0.01650 0.002569   0.7619  0.01621 0.001482 0.0002964 0.0001976 0.001482
Detection Prevalence  0.02194 0.003360   0.9476  0.02213 0.001680 0.0007905 0.0004941 0.001976
Balanced Accuracy     0.59334 0.547742   0.5876  0.58100 0.572716 0.5514764 0.5586751 0.636115
