Confusion Matrix and Statistics

          Reference
Prediction    0    1    2    3    4    5    6    7
         0  429   30  187   56   11    2    2    8
         1   13   75   33    7    2    1    1    1
         2  370  152 7369  426   63   16    9   28
         3   52   13  215  480   18    3    3    5
         4    4    1    8    1   13    0    0    0
         5    0    0    4    1    0    8    0    0
         6    0    0    0    0    0    0    2    0
         7    1    0    3    3    0    0    0   14

Overall Statistics
                                          
               Accuracy : 0.8272          
                 95% CI : (0.8197, 0.8345)
    No Information Rate : 0.7709          
    P-Value [Acc > NIR] : < 2.2e-16       
                                          
                  Kappa : 0.4992          
                                          
 Mcnemar's Test P-Value : NA              

Statistics by Class:

                     Class: 0 Class: 1 Class: 2 Class: 3 Class: 4  Class: 5  Class: 6 Class: 7
Sensitivity           0.49367 0.276753   0.9424  0.49281 0.121495 0.2666667 0.1176471 0.250000
Specificity           0.96808 0.994125   0.5422  0.96630 0.998605 0.9995056 1.0000000 0.999306
Pos Pred Value        0.59172 0.563910   0.8738  0.60837 0.481481 0.6153846 1.0000000 0.666667
Neg Pred Value        0.95328 0.980420   0.7368  0.94719 0.990708 0.9978282 0.9985209 0.995851
Precision             0.59172 0.563910   0.8738  0.60837 0.481481 0.6153846 1.0000000 0.666667
Recall                0.49367 0.276753   0.9424  0.49281 0.121495 0.2666667 0.1176471 0.250000
F1                    0.53827 0.371287   0.9068  0.54453 0.194030 0.3720930 0.2105263 0.363636
Prevalence            0.08567 0.026718   0.7709  0.09603 0.010549 0.0029577 0.0016760 0.005521
Detection Rate        0.04230 0.007394   0.7265  0.04732 0.001282 0.0007887 0.0001972 0.001380
Detection Prevalence  0.07148 0.013112   0.8314  0.07779 0.002662 0.0012817 0.0001972 0.002070
Balanced Accuracy     0.73088 0.635439   0.7423  0.72956 0.560050 0.6330861 0.5588235 0.624653
