Confusion Matrix and Statistics

          Reference
Prediction    0    1    2    3    4    5    6    7
         0  402   12  125   34    5    2    0    1
         1   12  106   46   11    2    0    0    0
         2  400  136 7406  448   50   13   11   28
         3   49   13  199  468    5    2    3    2
         4    2    2   10    8   41    0    0    1
         5    1    0    5    0    0   12    0    0
         6    0    1    4    2    0    0    3    0
         7    1    0   11    2    0    0    0   23

Overall Statistics
                                          
               Accuracy : 0.8361          
                 95% CI : (0.8287, 0.8432)
    No Information Rate : 0.7713          
    P-Value [Acc > NIR] : < 2.2e-16       
                                          
                  Kappa : 0.5182          
                                          
 Mcnemar's Test P-Value : NA              

Statistics by Class:

                     Class: 0 Class: 1 Class: 2 Class: 3 Class: 4 Class: 5  Class: 6 Class: 7
Sensitivity           0.46367  0.39259   0.9488  0.48099 0.398058 0.413793 0.1764706 0.418182
Specificity           0.98065  0.99279   0.5307  0.97015 0.997704 0.999405 0.9993071 0.998609
Pos Pred Value        0.69191  0.59887   0.8721  0.63158 0.640625 0.666667 0.3000000 0.621622
Neg Pred Value        0.95125  0.98351   0.7543  0.94616 0.993835 0.998317 0.9986152 0.996826
Precision             0.69191  0.59887   0.8721  0.63158 0.640625 0.666667 0.3000000 0.621622
Recall                0.46367  0.39259   0.9488  0.48099 0.398058 0.413793 0.1764706 0.418182
F1                    0.55525  0.47427   0.9088  0.54609 0.491018 0.510638 0.2222222 0.500000
Prevalence            0.08567  0.02668   0.7713  0.09615 0.010178 0.002866 0.0016798 0.005435
Detection Rate        0.03972  0.01047   0.7318  0.04625 0.004051 0.001186 0.0002964 0.002273
Detection Prevalence  0.05741  0.01749   0.8391  0.07322 0.006324 0.001779 0.0009881 0.003656
Balanced Accuracy     0.72216  0.69269   0.7397  0.72557 0.697881 0.706599 0.5878889 0.708395
