Confusion Matrix and Statistics

          Reference
Prediction    0    1    2    3    4    5    6
         0  138   74   16    1    0    0    2
         1  109 7411  387   45    9    9   21
         2   17  273  556    6    2    1    4
         3    1   34    4   51    0    0    1
         4    1    6    2    1   18    2    0
         5    0    2    1    0    0    5    1
         6    5   19    8    3    1    0   27

Overall Statistics
                                          
               Accuracy : 0.8848          
                 95% CI : (0.8782, 0.8913)
    No Information Rate : 0.8431          
    P-Value [Acc > NIR] : < 2.2e-16       
                                          
                  Kappa : 0.562           
                                          
 Mcnemar's Test P-Value : NA              

Statistics by Class:

                     Class: 0 Class: 1 Class: 2 Class: 3 Class: 4  Class: 5 Class: 6
Sensitivity           0.50923   0.9478  0.57084 0.476636 0.600000 0.2941176 0.482143
Specificity           0.98967   0.6014  0.96349 0.995637 0.998702 0.9995679 0.996095
Pos Pred Value        0.59740   0.9274  0.64726 0.560440 0.600000 0.5555556 0.428571
Neg Pred Value        0.98529   0.6820  0.95033 0.993902 0.998702 0.9987048 0.996852
Precision             0.59740   0.9274  0.64726 0.560440 0.600000 0.5555556 0.428571
Recall                0.50923   0.9478  0.57084 0.476636 0.600000 0.2941176 0.482143
F1                    0.54980   0.9375  0.60666 0.515152 0.600000 0.3846154 0.453782
Prevalence            0.02922   0.8431  0.10502 0.011538 0.003235 0.0018331 0.006038
Detection Rate        0.01488   0.7991  0.05995 0.005499 0.001941 0.0005391 0.002911
Detection Prevalence  0.02491   0.8617  0.09262 0.009812 0.003235 0.0009705 0.006793
Balanced Accuracy     0.74945   0.7746  0.76717 0.736136 0.799351 0.6468428 0.739119
