Confusion Matrix and Statistics

          Reference
Prediction    0    1    2    3    4    5    6    7
         0  472   12  192   51    3    1    0    2
         1    8   98   39   10    0    0    0    1
         2  349  138 7343  395   45   13    8   24
         3   33   17  203  508    4    1    1    1
         4    3    1   12    5   51    1    0    0
         5    1    0    4    2    0   12    0    2
         6    0    0    7    0    0    0    8    1
         7    1    4    6    2    0    1    0   24

Overall Statistics
                                          
               Accuracy : 0.8415          
                 95% CI : (0.8342, 0.8486)
    No Information Rate : 0.7713          
    P-Value [Acc > NIR] : < 2.2e-16       
                                          
                  Kappa : 0.55            
                                          
 Mcnemar's Test P-Value : NA              

Statistics by Class:

                     Class: 0 Class: 1 Class: 2 Class: 3 Class: 4 Class: 5  Class: 6 Class: 7
Sensitivity           0.54441 0.362963   0.9407  0.52210 0.495146 0.413793 0.4705882 0.436364
Specificity           0.97179 0.994112   0.5799  0.97158 0.997804 0.999108 0.9992082 0.998609
Pos Pred Value        0.64393 0.628205   0.8831  0.66146 0.698630 0.571429 0.5000000 0.631579
Neg Pred Value        0.95792 0.982738   0.7435  0.95028 0.994824 0.998317 0.9991093 0.996925
Precision             0.64393 0.628205   0.8831  0.66146 0.698630 0.571429 0.5000000 0.631579
Recall                0.54441 0.362963   0.9407  0.52210 0.495146 0.413793 0.4705882 0.436364
F1                    0.59000 0.460094   0.9110  0.58357 0.579545 0.480000 0.4848485 0.516129
Prevalence            0.08567 0.026680   0.7713  0.09615 0.010178 0.002866 0.0016798 0.005435
Detection Rate        0.04664 0.009684   0.7256  0.05020 0.005040 0.001186 0.0007905 0.002372
Detection Prevalence  0.07243 0.015415   0.8216  0.07589 0.007213 0.002075 0.0015810 0.003755
Balanced Accuracy     0.75810 0.678537   0.7603  0.74684 0.746475 0.706451 0.7348982 0.717486
