Confusion Matrix and Statistics

          Reference
Prediction    0    1    2    3    4    5    6    7
         0  226   12   93   31    2    0    0    1
         1    8   62   29    8    0    0    0    1
         2  593  187 7472  637   82   18   12   39
         3   36    8  186  294    8    1    1    3
         4    0    0    2    1   10    0    0    0
         5    1    1    8    0    0    9    0    0
         6    2    0    4    0    0    0    4    0
         7    1    0   12    2    1    1    0   11

Overall Statistics
                                         
               Accuracy : 0.7992         
                 95% CI : (0.7913, 0.807)
    No Information Rate : 0.7713         
    P-Value [Acc > NIR] : 6.801e-12      
                                         
                  Kappa : 0.3361         
                                         
 Mcnemar's Test P-Value : NA             

Statistics by Class:

                     Class: 0 Class: 1 Class: 2 Class: 3  Class: 4  Class: 5  Class: 6 Class: 7
Sensitivity           0.26067 0.229630   0.9572  0.30216 0.0970874 0.3103448 0.2352941 0.200000
Specificity           0.98498 0.995330   0.3224  0.97343 0.9997005 0.9990090 0.9994061 0.998311
Pos Pred Value        0.61918 0.574074   0.8265  0.54749 0.7692308 0.4736842 0.4000000 0.392857
Neg Pred Value        0.93429 0.979225   0.6907  0.92915 0.9907985 0.9980200 0.9987141 0.995640
Precision             0.61918 0.574074   0.8265  0.54749 0.7692308 0.4736842 0.4000000 0.392857
Recall                0.26067 0.229630   0.9572  0.30216 0.0970874 0.3103448 0.2352941 0.200000
F1                    0.36688 0.328042   0.8871  0.38940 0.1724138 0.3750000 0.2962963 0.265060
Prevalence            0.08567 0.026680   0.7713  0.09615 0.0101779 0.0028656 0.0016798 0.005435
Detection Rate        0.02233 0.006126   0.7383  0.02905 0.0009881 0.0008893 0.0003953 0.001087
Detection Prevalence  0.03607 0.010672   0.8933  0.05306 0.0012846 0.0018775 0.0009881 0.002767
Balanced Accuracy     0.62282 0.612480   0.6398  0.63780 0.5483939 0.6546769 0.6173501 0.599155
