Confusion Matrix and Statistics

          Reference
Prediction    0    1    2    3    4    5    6    7
         0  529   23  183   39    4    1    0    3
         1   15  125   58   13    1    0    0    1
         2  268  100 7291  303   35    9    7   16
         3   50   18  232  612    5    4    1    8
         4    3    2   31    4   57    0    0    0
         5    0    1    4    0    0   14    0    0
         6    1    0    2    2    0    0    9    0
         7    1    1    6    0    1    1    0   27

Overall Statistics
                                          
               Accuracy : 0.856           
                 95% CI : (0.8491, 0.8628)
    No Information Rate : 0.7714          
    P-Value [Acc > NIR] : < 2.2e-16       
                                          
                  Kappa : 0.6129          
                                          
 Mcnemar's Test P-Value : NA              

Statistics by Class:

                     Class: 0 Class: 1 Class: 2 Class: 3 Class: 4 Class: 5  Class: 6 Class: 7
Sensitivity           0.61015  0.46296   0.9339  0.62898 0.553398 0.482759 0.5294118 0.490909
Specificity           0.97266  0.99107   0.6811  0.96524 0.996007 0.999505 0.9995051 0.999007
Pos Pred Value        0.67647  0.58685   0.9081  0.65806 0.587629 0.736842 0.6428571 0.729730
Neg Pred Value        0.96381  0.98537   0.7533  0.96072 0.995411 0.998515 0.9992085 0.997223
Precision             0.67647  0.58685   0.9081  0.65806 0.587629 0.736842 0.6428571 0.729730
Recall                0.61015  0.46296   0.9339  0.62898 0.553398 0.482759 0.5294118 0.490909
F1                    0.64160  0.51760   0.9208  0.64319 0.570000 0.583333 0.5806452 0.586957
Prevalence            0.08566  0.02668   0.7714  0.09614 0.010177 0.002865 0.0016797 0.005434
Detection Rate        0.05227  0.01235   0.7204  0.06047 0.005632 0.001383 0.0008892 0.002668
Detection Prevalence  0.07727  0.02105   0.7933  0.09189 0.009584 0.001877 0.0013833 0.003656
Balanced Accuracy     0.79141  0.72701   0.8075  0.79711 0.774703 0.741132 0.7644585 0.744958
