Confusion Matrix and Statistics

          Reference
Prediction    0    1    2    3    4    5    6    7
         0  430   13  164   45    4    1    0    1
         1   17   98   54    8    1    0    0    0
         2  371  137 7354  412   43   12   10   23
         3   43   18  189  501    6    2    0    5
         4    3    1   22    3   48    0    0    0
         5    1    1    6    1    0   14    0    1
         6    0    0    6    2    0    0    7    1
         7    2    2   11    1    1    0    0   24

Overall Statistics
                                          
               Accuracy : 0.8375          
                 95% CI : (0.8302, 0.8447)
    No Information Rate : 0.7713          
    P-Value [Acc > NIR] : < 2.2e-16       
                                          
                  Kappa : 0.5348          
                                          
 Mcnemar's Test P-Value : NA              

Statistics by Class:

                     Class: 0 Class: 1 Class: 2 Class: 3 Class: 4 Class: 5  Class: 6 Class: 7
Sensitivity           0.49596 0.362963   0.9421  0.51490 0.466019 0.482759 0.4117647 0.436364
Specificity           0.97536 0.991878   0.5644  0.97125 0.997105 0.999009 0.9991092 0.998311
Pos Pred Value        0.65350 0.550562   0.8795  0.65576 0.623377 0.583333 0.4375000 0.585366
Neg Pred Value        0.95382 0.982700   0.7429  0.94955 0.994524 0.998514 0.9990103 0.996924
Precision             0.65350 0.550562   0.8795  0.65576 0.623377 0.583333 0.4375000 0.585366
Recall                0.49596 0.362963   0.9421  0.51490 0.466019 0.482759 0.4117647 0.436364
F1                    0.56393 0.437500   0.9097  0.57686 0.533333 0.528302 0.4242424 0.500000
Prevalence            0.08567 0.026680   0.7713  0.09615 0.010178 0.002866 0.0016798 0.005435
Detection Rate        0.04249 0.009684   0.7267  0.04951 0.004743 0.001383 0.0006917 0.002372
Detection Prevalence  0.06502 0.017589   0.8263  0.07549 0.007609 0.002372 0.0015810 0.004051
Balanced Accuracy     0.73566 0.677421   0.7532  0.74307 0.731562 0.740884 0.7054369 0.717337
