Confusion Matrix and Statistics

          Reference
Prediction    0    1    2    3    4    5    6    7
         0  302    5  100   36    3    2    0    2
         1    5   55   15    2    0    0    0    0
         2  529  200 7560  605   75   20   14   36
         3   30   10  117  328    7    2    3    2
         4    0    0    6    0   18    0    0    0
         5    0    0    3    1    0    5    0    0
         6    0    0    0    0    0    0    0    0
         7    1    0    5    1    0    0    0   15

Overall Statistics
                                          
               Accuracy : 0.8185          
                 95% CI : (0.8108, 0.8259)
    No Information Rate : 0.7713          
    P-Value [Acc > NIR] : < 2.2e-16       
                                          
                  Kappa : 0.3994          
                                          
 Mcnemar's Test P-Value : NA              

Statistics by Class:

                     Class: 0 Class: 1 Class: 2 Class: 3 Class: 4  Class: 5 Class: 6 Class: 7
Sensitivity           0.34833 0.203704   0.9685  0.33710 0.174757 0.1724138  0.00000 0.272727
Specificity           0.98401 0.997766   0.3608  0.98131 0.999401 0.9996036  1.00000 0.999305
Pos Pred Value        0.67111 0.714286   0.8364  0.65731 0.750000 0.5555556      NaN 0.681818
Neg Pred Value        0.94157 0.978592   0.7724  0.93296 0.991581 0.9976263  0.99832 0.996039
Precision             0.67111 0.714286   0.8364  0.65731 0.750000 0.5555556       NA 0.681818
Recall                0.34833 0.203704   0.9685  0.33710 0.174757 0.1724138  0.00000 0.272727
F1                    0.45862 0.317003   0.8976  0.44565 0.283465 0.2631579       NA 0.389610
Prevalence            0.08567 0.026680   0.7713  0.09615 0.010178 0.0028656  0.00168 0.005435
Detection Rate        0.02984 0.005435   0.7470  0.03241 0.001779 0.0004941  0.00000 0.001482
Detection Prevalence  0.04447 0.007609   0.8932  0.04931 0.002372 0.0008893  0.00000 0.002174
Balanced Accuracy     0.66617 0.600735   0.6647  0.65920 0.587079 0.5860087  0.50000 0.636016
