Confusion Matrix and Statistics

          Reference
Prediction    0    1    2    3    4    5    6
         0  139   67   12    2    1    0    0
         1  117 7459  378   49   11   10   27
         2   13  246  573    7    2    1    5
         3    1   20    4   47    0    0    1
         4    0    7    2    1   16    2    0
         5    0    3    1    0    0    4    0
         6    1   17    4    1    0    0   23

Overall Statistics
                                         
               Accuracy : 0.8908         
                 95% CI : (0.8842, 0.897)
    No Information Rate : 0.8431         
    P-Value [Acc > NIR] : < 2.2e-16      
                                         
                  Kappa : 0.5761         
                                         
 Mcnemar's Test P-Value : NA             

Statistics by Class:

                     Class: 0 Class: 1 Class: 2 Class: 3 Class: 4  Class: 5 Class: 6
Sensitivity           0.51292   0.9540  0.58830 0.439252 0.533333 0.2352941 0.410714
Specificity           0.99089   0.5931  0.96699 0.997164 0.998702 0.9995679 0.997505
Pos Pred Value        0.62896   0.9265  0.67651 0.643836 0.571429 0.5000000 0.500000
Neg Pred Value        0.98542   0.7056  0.95241 0.993479 0.998486 0.9985970 0.996424
Precision             0.62896   0.9265  0.67651 0.643836 0.571429 0.5000000 0.500000
Recall                0.51292   0.9540  0.58830 0.439252 0.533333 0.2352941 0.410714
F1                    0.56504   0.9400  0.62932 0.522222 0.551724 0.3200000 0.450980
Prevalence            0.02922   0.8431  0.10502 0.011538 0.003235 0.0018331 0.006038
Detection Rate        0.01499   0.8043  0.06179 0.005068 0.001725 0.0004313 0.002480
Detection Prevalence  0.02383   0.8681  0.09133 0.007871 0.003019 0.0008626 0.004960
Balanced Accuracy     0.75190   0.7735  0.77764 0.718208 0.766018 0.6174310 0.704110
