Confusion Matrix and Statistics

          Reference
Prediction    0    1    2    3    4    5    6
         0    1    0    0    0    0    0    0
         1  270 7815  970  106   30   17   50
         2    0    2    3    0    0    0    0
         3    0    0    0    1    0    0    0
         4    0    0    0    0    0    0    0
         5    0    0    0    0    0    0    0
         6    0    2    1    0    0    0    6

Overall Statistics
                                          
               Accuracy : 0.8439          
                 95% CI : (0.8363, 0.8512)
    No Information Rate : 0.8431          
    P-Value [Acc > NIR] : 0.4276          
                                          
                  Kappa : 0.0135          
                                          
 Mcnemar's Test P-Value : NA              

Statistics by Class:

                      Class: 0 Class: 1  Class: 2  Class: 3 Class: 4 Class: 5  Class: 6
Sensitivity          0.0036900 0.999488 0.0030801 0.0093458 0.000000 0.000000 0.1071429
Specificity          1.0000000 0.008247 0.9997590 1.0000000 1.000000 1.000000 0.9996745
Pos Pred Value       1.0000000 0.844135 0.6000000 1.0000000      NaN      NaN 0.6666667
Neg Pred Value       0.9708832 0.750000 0.8952422 0.9885690 0.996765 0.998167 0.9946033
Precision            1.0000000 0.844135 0.6000000 1.0000000       NA       NA 0.6666667
Recall               0.0036900 0.999488 0.0030801 0.0093458 0.000000 0.000000 0.1071429
F1                   0.0073529 0.915266 0.0061287 0.0185185       NA       NA 0.1846154
Prevalence           0.0292215 0.843110 0.1050248 0.0115376 0.003235 0.001833 0.0060384
Detection Rate       0.0001078 0.842678 0.0003235 0.0001078 0.000000 0.000000 0.0006470
Detection Prevalence 0.0001078 0.998275 0.0005391 0.0001078 0.000000 0.000000 0.0009705
Balanced Accuracy    0.5018450 0.503868 0.5014196 0.5046729 0.500000 0.500000 0.5534087
