Confusion Matrix and Statistics

          Reference
Prediction    0    1    2    3    4    5    6    7
         0  453   19  157   42    6    2    0    2
         1    7   93   41    7    3    0    0    0
         2  370  139 7362  427   44   14    4   24
         3   30   13  197  484    5    2    1    4
         4    4    2   27    7   45    0    0    0
         5    1    1    5    2    0   11    0    0
         6    0    0    5    1    0    0   11    2
         7    2    3   12    3    0    0    1   23

Overall Statistics
                                          
               Accuracy : 0.8381          
                 95% CI : (0.8308, 0.8453)
    No Information Rate : 0.7713          
    P-Value [Acc > NIR] : < 2.2e-16       
                                          
                  Kappa : 0.5345          
                                          
 Mcnemar's Test P-Value : NA              

Statistics by Class:

                     Class: 0 Class: 1 Class: 2 Class: 3 Class: 4 Class: 5 Class: 6 Class: 7
Sensitivity           0.52249  0.34444   0.9431  0.49743 0.436893 0.379310 0.647059 0.418182
Specificity           0.97536  0.99411   0.5583  0.97245 0.996007 0.999108 0.999208 0.997914
Pos Pred Value        0.66520  0.61589   0.8781  0.65761 0.529412 0.550000 0.578947 0.522727
Neg Pred Value        0.95614  0.98224   0.7442  0.94789 0.994220 0.998218 0.999406 0.996824
Precision             0.66520  0.61589   0.8781  0.65761 0.529412 0.550000 0.578947 0.522727
Recall                0.52249  0.34444   0.9431  0.49743 0.436893 0.379310 0.647059 0.418182
F1                    0.58527  0.44181   0.9095  0.56641 0.478723 0.448980 0.611111 0.464646
Prevalence            0.08567  0.02668   0.7713  0.09615 0.010178 0.002866 0.001680 0.005435
Detection Rate        0.04476  0.00919   0.7275  0.04783 0.004447 0.001087 0.001087 0.002273
Detection Prevalence  0.06729  0.01492   0.8285  0.07273 0.008399 0.001976 0.001877 0.004348
Balanced Accuracy     0.74893  0.66928   0.7507  0.73494 0.716450 0.689209 0.823133 0.708048
