Confusion Matrix and Statistics

          Reference
Prediction    0    1    2    3    4    5    6    7
         0   40    1   12    6    1    0    0    0
         1    0    2    0    0    0    0    0    0
         2  825  264 7769  873   94   27   17   41
         3    1    3   18   93    3    0    0    1
         4    0    0    0    0    5    0    0    0
         5    0    0    3    0    0    2    0    0
         6    0    0    1    0    0    0    0    0
         7    1    0    3    1    0    0    0   13

Overall Statistics
                                         
               Accuracy : 0.783          
                 95% CI : (0.7748, 0.791)
    No Information Rate : 0.7713         
    P-Value [Acc > NIR] : 0.002587       
                                         
                  Kappa : 0.107          
                                         
 Mcnemar's Test P-Value : NA             

Statistics by Class:

                     Class: 0  Class: 1 Class: 2 Class: 3  Class: 4  Class: 5  Class: 6 Class: 7
Sensitivity          0.046136 0.0074074  0.99526  0.09558 0.0485437 0.0689655 0.000e+00 0.236364
Specificity          0.997839 1.0000000  0.07476  0.99716 1.0000000 0.9997027 9.999e-01 0.999503
Pos Pred Value       0.666667 1.0000000  0.78396  0.78151 1.0000000 0.4000000 0.000e+00 0.722222
Neg Pred Value       0.917793 0.9735126  0.82381  0.91201 0.9903114 0.9973307 9.983e-01 0.995842
Precision            0.666667 1.0000000  0.78396  0.78151 1.0000000 0.4000000 0.000e+00 0.722222
Recall               0.046136 0.0074074  0.99526  0.09558 0.0485437 0.0689655 0.000e+00 0.236364
F1                   0.086300 0.0147059  0.87706  0.17033 0.0925926 0.1176471       NaN 0.356164
Prevalence           0.085672 0.0266798  0.77134  0.09615 0.0101779 0.0028656 1.680e-03 0.005435
Detection Rate       0.003953 0.0001976  0.76769  0.00919 0.0004941 0.0001976 0.000e+00 0.001285
Detection Prevalence 0.005929 0.0001976  0.97925  0.01176 0.0004941 0.0004941 9.881e-05 0.001779
Balanced Accuracy    0.521987 0.5037037  0.53501  0.54637 0.5242718 0.5343341 5.000e-01 0.617933
