Confusion Matrix and Statistics

          Reference
Prediction    0    1    2    3    4    5    6
         0  131   54   11    1    1    0    1
         1  126 7491  388   46   15   10   32
         2   11  231  567   10    1    0    5
         3    0   22    4   47    0    0    0
         4    0    6    1    0   13    2    0
         5    0    6    0    0    0    4    0
         6    3    9    3    3    0    1   18

Overall Statistics
                                          
               Accuracy : 0.8918          
                 95% CI : (0.8853, 0.8981)
    No Information Rate : 0.8431          
    P-Value [Acc > NIR] : < 2.2e-16       
                                          
                  Kappa : 0.5722          
                                          
 Mcnemar's Test P-Value : NA              

Statistics by Class:

                     Class: 0 Class: 1 Class: 2 Class: 3 Class: 4  Class: 5 Class: 6
Sensitivity           0.48339   0.9581  0.58214 0.439252 0.433333 0.2352941 0.321429
Specificity           0.99245   0.5759  0.96892 0.997164 0.999026 0.9993518 0.997939
Pos Pred Value        0.65829   0.9239  0.68727 0.643836 0.590909 0.4000000 0.486486
Neg Pred Value        0.98457   0.7187  0.95183 0.993479 0.998163 0.9985967 0.995886
Precision             0.65829   0.9239  0.68727 0.643836 0.590909 0.4000000 0.486486
Recall                0.48339   0.9581  0.58214 0.439252 0.433333 0.2352941 0.321429
F1                    0.55745   0.9407  0.63035 0.522222 0.500000 0.2962963 0.387097
Prevalence            0.02922   0.8431  0.10502 0.011538 0.003235 0.0018331 0.006038
Detection Rate        0.01413   0.8077  0.06114 0.005068 0.001402 0.0004313 0.001941
Detection Prevalence  0.02146   0.8743  0.08896 0.007871 0.002372 0.0010783 0.003990
Balanced Accuracy     0.73792   0.7670  0.77553 0.718208 0.716180 0.6173230 0.659684
