Confusion Matrix and Statistics

          Reference
Prediction    0    1    2    3    4    5    6
         0  140   85   17    1    2    0    2
         1  112 7249  370   43    9    8   24
         2   14  375  573    5    1    0    5
         3    2   48    6   54    1    0    1
         4    0   16    4    0   17    1    0
         5    0   18    1    1    0    7    0
         6    3   28    3    3    0    1   24

Overall Statistics
                                          
               Accuracy : 0.8695          
                 95% CI : (0.8625, 0.8763)
    No Information Rate : 0.8431          
    P-Value [Acc > NIR] : 4.342e-13       
                                          
                  Kappa : 0.5299          
                                          
 Mcnemar's Test P-Value : NA              

Statistics by Class:

                     Class: 0 Class: 1 Class: 2 Class: 3 Class: 4  Class: 5 Class: 6
Sensitivity           0.51661   0.9271  0.58830 0.504673 0.566667 0.4117647 0.428571
Specificity           0.98812   0.6110  0.95181 0.993673 0.997728 0.9978395 0.995878
Pos Pred Value        0.56680   0.9276  0.58890 0.482143 0.447368 0.2592593 0.387097
Neg Pred Value        0.98549   0.6093  0.95169 0.994215 0.998592 0.9989186 0.996526
Precision             0.56680   0.9276  0.58890 0.482143 0.447368 0.2592593 0.387097
Recall                0.51661   0.9271  0.58830 0.504673 0.566667 0.4117647 0.428571
F1                    0.54054   0.9273  0.58860 0.493151 0.500000 0.3181818 0.406780
Prevalence            0.02922   0.8431  0.10502 0.011538 0.003235 0.0018331 0.006038
Detection Rate        0.01510   0.7816  0.06179 0.005823 0.001833 0.0007548 0.002588
Detection Prevalence  0.02663   0.8427  0.10492 0.012077 0.004097 0.0029114 0.006685
Balanced Accuracy     0.75236   0.7690  0.77005 0.749173 0.782197 0.7048021 0.712225
