Confusion Matrix and Statistics

          Reference
Prediction    0    1    2    3    4    5    6
         0  142   88   17    3    1    0    2
         1  110 7455  395   46   10   11   26
         2   13  234  552    8    1    0    4
         3    3   18    3   48    1    0    0
         4    0    8    1    1   16    2    0
         5    1    5    1    0    0    4    0
         6    2   11    5    1    1    0   24

Overall Statistics
                                         
               Accuracy : 0.8886         
                 95% CI : (0.882, 0.8949)
    No Information Rate : 0.8431         
    P-Value [Acc > NIR] : < 2.2e-16      
                                         
                  Kappa : 0.5679         
                                         
 Mcnemar's Test P-Value : NA             

Statistics by Class:

                     Class: 0 Class: 1 Class: 2 Class: 3 Class: 4  Class: 5 Class: 6
Sensitivity           0.52399   0.9534  0.56674 0.448598 0.533333 0.2352941 0.428571
Specificity           0.98767   0.5890  0.96867 0.997273 0.998702 0.9992438 0.997830
Pos Pred Value        0.56126   0.9257  0.67980 0.657534 0.571429 0.3636364 0.545455
Neg Pred Value        0.98570   0.7019  0.95013 0.993588 0.998486 0.9985966 0.996533
Precision             0.56126   0.9257  0.67980 0.657534 0.571429 0.3636364 0.545455
Recall                0.52399   0.9534  0.56674 0.448598 0.533333 0.2352941 0.428571
F1                    0.54198   0.9394  0.61814 0.533333 0.551724 0.2857143 0.480000
Prevalence            0.02922   0.8431  0.10502 0.011538 0.003235 0.0018331 0.006038
Detection Rate        0.01531   0.8039  0.05952 0.005176 0.001725 0.0004313 0.002588
Detection Prevalence  0.02728   0.8683  0.08756 0.007871 0.003019 0.0011861 0.004744
Balanced Accuracy     0.75583   0.7712  0.76770 0.722935 0.766018 0.6172690 0.713201
