Confusion Matrix and Statistics

          Reference
Prediction    0    1    2    3    4    5    6    7
         0  451   18  146   38    3    3    0    1
         1    8   95   44   12    0    0    0    1
         2  367  139 7399  418   51   15    5   26
         3   36   17  183  497    4    0    0    1
         4    3    1   16    3   45    0    1    0
         5    0    0    7    1    0   11    0    1
         6    0    0    8    2    0    0   11    0
         7    2    0    3    2    0    0    0   25

Overall Statistics
                                         
               Accuracy : 0.8433         
                 95% CI : (0.836, 0.8503)
    No Information Rate : 0.7713         
    P-Value [Acc > NIR] : < 2.2e-16      
                                         
                  Kappa : 0.5459         
                                         
 Mcnemar's Test P-Value : NA             

Statistics by Class:

                     Class: 0 Class: 1 Class: 2 Class: 3 Class: 4 Class: 5 Class: 6 Class: 7
Sensitivity           0.52018 0.351852   0.9479  0.51079 0.436893 0.379310 0.647059 0.454545
Specificity           0.97741 0.993401   0.5588  0.97365 0.997604 0.999108 0.999010 0.999305
Pos Pred Value        0.68333 0.593750   0.8787  0.67344 0.652174 0.550000 0.523810 0.781250
Neg Pred Value        0.95603 0.982430   0.7606  0.94926 0.994229 0.998218 0.999406 0.997026
Precision             0.68333 0.593750   0.8787  0.67344 0.652174 0.550000 0.523810 0.781250
Recall                0.52018 0.351852   0.9479  0.51079 0.436893 0.379310 0.647059 0.454545
F1                    0.59070 0.441860   0.9120  0.58095 0.523256 0.448980 0.578947 0.574713
Prevalence            0.08567 0.026680   0.7713  0.09615 0.010178 0.002866 0.001680 0.005435
Detection Rate        0.04457 0.009387   0.7311  0.04911 0.004447 0.001087 0.001087 0.002470
Detection Prevalence  0.06522 0.015810   0.8320  0.07292 0.006818 0.001976 0.002075 0.003162
Balanced Accuracy     0.74880 0.672626   0.7533  0.74222 0.717249 0.689209 0.823035 0.726925
