Confusion Matrix and Statistics

          Reference
Prediction    0    1    2    3    4    5    6    7
         0  443   13  158   41    3    0    1    2
         1    8  101   41    5    2    0    0    0
         2  362  131 7331  398   43   13    5   22
         3   47   22  232  515    4    2    1    4
         4    2    1   20    6   51    0    0    0
         5    2    1    7    2    0   14    0    2
         6    0    1    7    2    0    0   10    0
         7    3    0   10    4    0    0    0   25

Overall Statistics
                                         
               Accuracy : 0.8389         
                 95% CI : (0.8316, 0.846)
    No Information Rate : 0.7713         
    P-Value [Acc > NIR] : < 2.2e-16      
                                         
                  Kappa : 0.5437         
                                         
 Mcnemar's Test P-Value : NA             

Statistics by Class:

                     Class: 0 Class: 1 Class: 2 Class: 3 Class: 4 Class: 5  Class: 6 Class: 7
Sensitivity           0.51096  0.37407   0.9391  0.52929 0.495146 0.482759 0.5882353 0.454545
Specificity           0.97644  0.99431   0.5791  0.96589 0.997105 0.998613 0.9990102 0.998311
Pos Pred Value        0.67020  0.64331   0.8827  0.62273 0.637500 0.500000 0.5000000 0.595238
Neg Pred Value        0.95517  0.98304   0.7383  0.95072 0.994821 0.998514 0.9993069 0.997023
Precision             0.67020  0.64331   0.8827  0.62273 0.637500 0.500000 0.5000000 0.595238
Recall                0.51096  0.37407   0.9391  0.52929 0.495146 0.482759 0.5882353 0.454545
F1                    0.57984  0.47307   0.9101  0.57222 0.557377 0.491228 0.5405405 0.515464
Prevalence            0.08567  0.02668   0.7713  0.09615 0.010178 0.002866 0.0016798 0.005435
Detection Rate        0.04377  0.00998   0.7244  0.05089 0.005040 0.001383 0.0009881 0.002470
Detection Prevalence  0.06532  0.01551   0.8207  0.08172 0.007905 0.002767 0.0019763 0.004150
Balanced Accuracy     0.74370  0.68419   0.7591  0.74759 0.746125 0.740686 0.7936227 0.726428
