Confusion Matrix and Statistics

          Reference
Prediction    0    1    2    3    4    5    6    7
         0  371   14  164   48    4    1    0    1
         1    2   59   26    4    0    0    0    0
         2  464  188 7477  553   69   16   12   36
         3   29    8  122  365    4    2    3    2
         4    0    1    6    1   26    0    0    0
         5    0    0    7    1    0   10    0    0
         6    0    0    2    0    0    0    2    0
         7    1    0    2    1    0    0    0   16

Overall Statistics
                                          
               Accuracy : 0.8227          
                 95% CI : (0.8151, 0.8301)
    No Information Rate : 0.7713          
    P-Value [Acc > NIR] : < 2.2e-16       
                                          
                  Kappa : 0.4419          
                                          
 Mcnemar's Test P-Value : NA              

Statistics by Class:

                     Class: 0 Class: 1 Class: 2 Class: 3 Class: 4  Class: 5  Class: 6 Class: 7
Sensitivity           0.42791 0.218519   0.9579  0.37513 0.252427 0.3448276 0.1176471 0.290909
Specificity           0.97493 0.996751   0.4218  0.98141 0.999201 0.9992072 0.9998020 0.999603
Pos Pred Value        0.61526 0.648352   0.8482  0.68224 0.764706 0.5555556 0.5000000 0.800000
Neg Pred Value        0.94788 0.978961   0.7479  0.93657 0.992366 0.9981192 0.9985172 0.996139
Precision             0.61526 0.648352   0.8482  0.68224 0.764706 0.5555556 0.5000000 0.800000
Recall                0.42791 0.218519   0.9579  0.37513 0.252427 0.3448276 0.1176471 0.290909
F1                    0.50476 0.326870   0.8997  0.48408 0.379562 0.4255319 0.1904762 0.426667
Prevalence            0.08567 0.026680   0.7713  0.09615 0.010178 0.0028656 0.0016798 0.005435
Detection Rate        0.03666 0.005830   0.7388  0.03607 0.002569 0.0009881 0.0001976 0.001581
Detection Prevalence  0.05958 0.008992   0.8710  0.05287 0.003360 0.0017787 0.0003953 0.001976
Balanced Accuracy     0.70142 0.607635   0.6898  0.67827 0.625814 0.6720174 0.5587245 0.645256
