Confusion Matrix and Statistics

          Reference
Prediction    0    1    2    3    4    5    6    7
         0  437   14  161   47    2    2    0    0
         1   10  112   57    4    3    0    0    2
         2  367  123 7375  431   47   14    9   23
         3   45   17  172  484    4    1    1    3
         4    4    2   16    4   46    0    0    0
         5    1    1    6    0    0   12    1    1
         6    0    0    8    0    0    0    6    0
         7    3    1   11    3    1    0    0   26

Overall Statistics
                                          
               Accuracy : 0.8397          
                 95% CI : (0.8324, 0.8468)
    No Information Rate : 0.7713          
    P-Value [Acc > NIR] : < 2.2e-16       
                                          
                  Kappa : 0.5387          
                                          
 Mcnemar's Test P-Value : NA              

Statistics by Class:

                     Class: 0 Class: 1 Class: 2 Class: 3 Class: 4 Class: 5  Class: 6 Class: 7
Sensitivity           0.50404  0.41481   0.9448  0.49743 0.446602 0.413793 0.3529412 0.472727
Specificity           0.97558  0.99228   0.5618  0.97343 0.997404 0.999009 0.9992082 0.998112
Pos Pred Value        0.65913  0.59574   0.8791  0.66575 0.638889 0.545455 0.4285714 0.577778
Neg Pred Value        0.95453  0.98409   0.7510  0.94794 0.994327 0.998316 0.9989115 0.997122
Precision             0.65913  0.59574   0.8791  0.66575 0.638889 0.545455 0.4285714 0.577778
Recall                0.50404  0.41481   0.9448  0.49743 0.446602 0.413793 0.3529412 0.472727
F1                    0.57124  0.48908   0.9108  0.56941 0.525714 0.470588 0.3870968 0.520000
Prevalence            0.08567  0.02668   0.7713  0.09615 0.010178 0.002866 0.0016798 0.005435
Detection Rate        0.04318  0.01107   0.7288  0.04783 0.004545 0.001186 0.0005929 0.002569
Detection Prevalence  0.06551  0.01858   0.8290  0.07184 0.007115 0.002174 0.0013834 0.004447
Balanced Accuracy     0.73981  0.70355   0.7533  0.73543 0.722003 0.706401 0.6760747 0.735420
