Confusion Matrix and Statistics

          Reference
Prediction    0    1    2    3    4    5    6
         0  131   62   16    2    1    0    0
         1  122 7513  428   46   11   10   28
         2   15  197  517    8    1    1    3
         3    1   23    4   47    0    0    0
         4    1    4    2    1   17    2    1
         5    0    6    0    0    0    4    0
         6    1   14    7    3    0    0   24

Overall Statistics
                                          
               Accuracy : 0.8899          
                 95% CI : (0.8834, 0.8962)
    No Information Rate : 0.8431          
    P-Value [Acc > NIR] : < 2.2e-16       
                                          
                  Kappa : 0.5581          
                                          
 Mcnemar's Test P-Value : NA              

Statistics by Class:

                     Class: 0 Class: 1 Class: 2 Class: 3 Class: 4  Class: 5 Class: 6
Sensitivity           0.48339   0.9609  0.53080 0.439252 0.566667 0.2352941 0.428571
Specificity           0.99100   0.5567  0.97289 0.996946 0.998810 0.9993518 0.997288
Pos Pred Value        0.61792   0.9209  0.69677 0.626667 0.607143 0.4000000 0.489796
Neg Pred Value        0.98455   0.7258  0.94644 0.993478 0.998594 0.9985967 0.996531
Precision             0.61792   0.9209  0.69677 0.626667 0.607143 0.4000000 0.489796
Recall                0.48339   0.9609  0.53080 0.439252 0.566667 0.2352941 0.428571
F1                    0.54244   0.9405  0.60256 0.516484 0.586207 0.2962963 0.457143
Prevalence            0.02922   0.8431  0.10502 0.011538 0.003235 0.0018331 0.006038
Detection Rate        0.01413   0.8101  0.05575 0.005068 0.001833 0.0004313 0.002588
Detection Prevalence  0.02286   0.8797  0.08001 0.008087 0.003019 0.0010783 0.005284
Balanced Accuracy     0.73720   0.7588  0.75185 0.718099 0.782738 0.6173230 0.712930
